0.00	0.0000	1.00000E+2
0.10	0.3210	1.59300E+3
0.20	0.6416	4.06200E+3
0.30	0.8015	5.31100E+3
0.40	0.8835	5.90200E+3
0.50	1.1232	6.67400E+3
0.60	1.2077	6.77100E+3
0.70	1.2895	6.85900E+3
0.80	1.3714	6.94100E+3
0.90	1.4527	7.02500E+3
1.00	1.5343	7.10300E+3
1.10	1.6957	7.25800E+3
1.20	1.7773	7.32800E+3
1.30	1.8596	7.40300E+3
1.40	1.9438	7.47800E+3
1.50	2.0253	7.55100E+3
1.60	2.1072	7.62000E+3
1.70	2.1891	7.68800E+3
1.80	2.2712	7.75200E+3
1.90	2.3534	7.81700E+3
2.00	2.5147	7.93700E+3
2.10	2.5996	8.00000E+3
2.20	2.6819	8.05800E+3
2.30	2.7641	8.11600E+3
2.40	2.8470	8.16800E+3
2.50	2.9295	8.22500E+3
2.60	3.0119	8.27600E+3
2.70	3.0942	8.32700E+3
2.80	3.1765	8.37900E+3
2.90	3.2618	8.42900E+3
3.00	3.3444	8.47600E+3
3.10	3.4267	8.52400E+3
3.20	3.5098	8.57000E+3
3.30	3.5935	8.61100E+3
3.40	3.6764	8.65200E+3
3.50	3.7592	8.69500E+3
3.60	3.9232	8.77300E+3
3.70	4.0062	8.81400E+3
3.80	4.0893	8.85000E+3
3.90	4.1724	8.89100E+3
4.00	4.2557	8.92400E+3
4.10	4.3390	8.95600E+3
4.20	4.4215	8.99200E+3
4.30	4.5045	9.02400E+3
4.40	4.5905	9.05900E+3
4.50	4.6736	9.08700E+3
4.60	4.7566	9.11500E+3
4.70	4.8397	9.14500E+3
4.80	4.9229	9.17200E+3
4.90	5.0058	9.19800E+3
5.00	5.0886	9.22400E+3
5.10	5.1719	9.25100E+3
5.20	5.2580	9.27900E+3
5.30	5.3413	9.30300E+3
5.40	5.4247	9.32300E+3
5.50	5.5079	9.34800E+3
5.60	5.5914	9.37300E+3
5.70	5.6747	9.39300E+3
5.80	5.7577	9.41200E+3
5.90	5.8394	9.43000E+3
6.00	6.0032	9.46900E+3
6.10	6.0866	9.48600E+3
6.20	6.1269	9.44700E+3
6.30	6.1477	9.36600E+3
6.40	6.1677	9.39000E+3
6.50	6.1884	9.44700E+3
6.60	6.2092	9.49200E+3
6.70	6.2307	9.52900E+3
6.80	6.2515	9.54900E+3
6.90	6.2724	9.56500E+3
7.00	6.2931	9.57700E+3
7.10	6.3131	9.58700E+3
7.20	6.3330	9.59600E+3
7.30	6.3518	9.60200E+3
7.40	6.3705	9.60700E+3
7.50	6.3895	9.61100E+3
7.60	6.4078	9.61700E+3
7.70	6.4260	9.62100E+3
7.80	6.4434	9.62300E+3
7.90	6.4616	9.62700E+3
8.00	6.4796	9.63100E+3
8.10	6.4975	9.63500E+3
8.20	6.5158	9.64000E+3
8.30	6.5339	9.64200E+3
8.40	6.5526	9.64600E+3
8.50	6.5702	9.64800E+3
8.60	6.5874	9.65000E+3
8.70	6.6054	9.65300E+3
8.80	6.6230	9.65500E+3
8.90	6.6406	9.65700E+3
9.00	6.6581	9.66000E+3
9.10	6.6751	9.66100E+3
9.20	6.6920	9.66200E+3
9.30	6.7094	9.66400E+3
9.40	6.7283	9.66900E+3
9.50	6.7457	9.67100E+3
9.60	6.7624	9.67100E+3
9.70	6.7799	9.67300E+3
9.80	6.7974	9.67600E+3
9.90	6.8149	9.67600E+3
10.00	6.8332	9.68000E+3
10.10	6.8516	9.68500E+3
10.20	6.8696	9.68600E+3
10.30	6.8876	9.68700E+3
10.40	6.9050	9.68900E+3
10.50	6.9225	9.69200E+3
10.60	6.9403	9.69500E+3
10.70	6.9577	9.69700E+3
10.80	6.9747	9.69900E+3
10.90	6.9926	9.70300E+3
11.00	7.0105	9.70500E+3
11.10	7.0276	9.70400E+3
11.20	7.0454	9.70700E+3
11.30	7.0633	9.70900E+3
11.40	7.0808	9.71100E+3
11.50	7.0992	9.71300E+3
11.60	7.1163	9.71600E+3
11.70	7.1347	9.71900E+3
11.80	7.1527	9.72100E+3
11.90	7.1702	9.72400E+3
12.00	7.1881	9.72500E+3
12.10	7.2061	9.72700E+3
12.20	7.2243	9.73000E+3
12.30	7.2418	9.73200E+3
12.40	7.2589	9.73300E+3
12.50	7.2760	9.73400E+3
12.60	7.2940	9.73800E+3
12.70	7.3116	9.74100E+3
12.80	7.3287	9.74100E+3
12.90	7.3463	9.74300E+3
13.00	7.3637	9.74600E+3
13.10	7.3814	9.74700E+3
13.20	7.3989	9.74900E+3
13.30	7.4166	9.75200E+3
13.40	7.4341	9.75500E+3
13.50	7.4506	9.75500E+3
13.60	7.4681	9.75800E+3
13.70	7.4860	9.76000E+3
13.80	7.5031	9.76200E+3
13.90	7.5202	9.76300E+3
14.00	7.5370	9.76400E+3
14.10	7.5552	9.76500E+3
14.20	7.5723	9.76600E+3
14.30	7.5899	9.76800E+3
14.40	7.6070	9.76700E+3
14.50	7.6249	9.76800E+3
14.60	7.6425	9.77100E+3
14.70	7.6597	9.77300E+3
14.80	7.6771	9.77400E+3
14.90	7.6936	9.77400E+3
15.00	7.7121	9.77900E+3
15.10	7.7299	9.78100E+3
15.20	7.7473	9.78100E+3
15.30	7.7648	9.78100E+3
15.40	7.7823	9.78300E+3
15.50	7.7998	9.78600E+3
15.60	7.8181	9.78600E+3
15.70	7.8352	9.78800E+3
15.80	7.8532	9.79000E+3
15.90	7.8704	9.79000E+3
16.00	7.8895	9.78900E+3
16.10	7.9074	9.79300E+3
16.20	7.9253	9.79400E+3
16.30	7.9424	9.79500E+3
16.40	7.9590	9.79600E+3
16.50	7.9773	9.79600E+3
16.60	7.9947	9.79700E+3
16.70	8.0122	9.79900E+3
16.80	8.0289	9.80100E+3
16.90	8.0471	9.80200E+3
17.00	8.0638	9.80200E+3
17.10	8.0810	9.80300E+3
17.20	8.0977	9.80300E+3
17.30	8.1156	9.80400E+3
17.40	8.1327	9.80400E+3
17.50	8.1498	9.80500E+3
17.60	8.1669	9.80500E+3
17.70	8.1835	9.80500E+3
17.80	8.2010	9.80700E+3
17.90	8.2187	9.80900E+3
18.00	8.2362	9.81200E+3
18.10	8.2537	9.81200E+3
18.20	8.2713	9.81100E+3
18.30	8.2884	9.81000E+3
18.40	8.3061	9.81200E+3
18.50	8.3232	9.81300E+3
18.60	8.3398	9.81300E+3
18.70	8.3573	9.81300E+3
18.80	8.3745	9.81400E+3
18.90	8.3922	9.81600E+3
19.00	8.4089	9.81600E+3
19.10	8.4263	9.81800E+3
19.20	8.4434	9.81900E+3
19.30	8.4605	9.81800E+3
19.40	8.4776	9.81900E+3
19.50	8.4951	9.82000E+3
19.60	8.5123	9.82000E+3
19.70	8.5295	9.82100E+3
19.80	8.5474	9.81900E+3
19.90	8.5646	9.81900E+3
20.00	8.5817	9.82000E+3
20.10	8.5988	9.82000E+3
20.20	8.6163	9.81900E+3
20.30	8.6338	9.81700E+3
