Tempering_time_(s) Tempering_temperature_(ºC) C(%wt) Mn(%wt) P(%wt) S(%wt) Si(%wt) Ni(%wt) Cr(%wt) Mo(%wt) V(%wt) Al(%wt) Cu(%wt) Final_hardness_(HRC)_post_tempering
600 204.4 0.25 0.79 0.012 0.026 0.11 0 0 0 0 0 0 50.6
600 260 0.25 0.79 0.012 0.026 0.11 0 0 0 0 0 0 48.3
600 315.6 0.25 0.79 0.012 0.026 0.11 0 0 0 0 0 0 43.7
600 371.1 0.25 0.79 0.012 0.026 0.11 0 0 0 0 0 0 40.5
600 426.7 0.25 0.79 0.012 0.026 0.11 0 0 0 0 0 0 37.3
600 482.2 0.25 0.79 0.012 0.026 0.11 0 0 0 0 0 0 31.2
600 537.8 0.25 0.79 0.012 0.026 0.11 0 0 0 0 0 0 26.2
600 593.3 0.25 0.79 0.012 0.026 0.11 0 0 0 0 0 0 23.1
600 648.9 0.25 0.79 0.012 0.026 0.11 0 0 0 0 0 0 17.3
600 704.4 0.25 0.79 0.012 0.026 0.11 0 0 0 0 0 0 11.7
3600 204.4 0.25 0.79 0.012 0.026 0.11 0 0 0 0 0 0 48.9
3600 260 0.25 0.79 0.012 0.026 0.11 0 0 0 0 0 0 45.9
3600 315.6 0.25 0.79 0.012 0.026 0.11 0 0 0 0 0 0 42.5
3600 371.1 0.25 0.79 0.012 0.026 0.11 0 0 0 0 0 0 39.2
3600 426.7 0.25 0.79 0.012 0.026 0.11 0 0 0 0 0 0 33.4
3600 482.2 0.25 0.79 0.012 0.026 0.11 0 0 0 0 0 0 28.5
3600 537.8 0.25 0.79 0.012 0.026 0.11 0 0 0 0 0 0 22.6
3600 648.9 0.25 0.79 0.012 0.026 0.11 0 0 0 0 0 0 12.6
3600 704.4 0.25 0.79 0.012 0.026 0.11 0 0 0 0 0 0 8.6
14400 204.4 0.25 0.79 0.012 0.026 0.11 0 0 0 0 0 0 47.6
14400 260 0.25 0.79 0.012 0.026 0.11 0 0 0 0 0 0 44.7
14400 315.6 0.25 0.79 0.012 0.026 0.11 0 0 0 0 0 0 40.9
14400 371.1 0.25 0.79 0.012 0.026 0.11 0 0 0 0 0 0 37.1
14400 426.7 0.25 0.79 0.012 0.026 0.11 0 0 0 0 0 0 31.6
14400 482.2 0.25 0.79 0.012 0.026 0.11 0 0 0 0 0 0 26.2
14400 537.8 0.25 0.79 0.012 0.026 0.11 0 0 0 0 0 0 20.7
14400 593.3 0.25 0.79 0.012 0.026 0.11 0 0 0 0 0 0 15.0
14400 648.9 0.25 0.79 0.012 0.026 0.11 0 0 0 0 0 0 9.4
14400 704.4 0.25 0.79 0.012 0.026 0.11 0 0 0 0 0 0 7.0
86400 204.4 0.25 0.79 0.012 0.026 0.11 0 0 0 0 0 0 45.5
86400 260 0.25 0.79 0.012 0.026 0.11 0 0 0 0 0 0 43.4
86400 315.6 0.25 0.79 0.012 0.026 0.11 0 0 0 0 0 0 40.7
86400 371.1 0.25 0.79 0.012 0.026 0.11 0 0 0 0 0 0 34.3
86400 426.7 0.25 0.79 0.012 0.026 0.11 0 0 0 0 0 0 28.4
86400 482.2 0.25 0.79 0.012 0.026 0.11 0 0 0 0 0 0 23.6
86400 537.8 0.25 0.79 0.012 0.026 0.11 0 0 0 0 0 0 18.7
86400 593.3 0.25 0.79 0.012 0.026 0.11 0 0 0 0 0 0 10.9
86400 648.9 0.25 0.79 0.012 0.026 0.11 0 0 0 0 0 0 2.6
86400 704.4 0.25 0.79 0.012 0.026 0.11 0 0 0 0 0 0 3.2
600 204.4 0.31 0.57 0.008 0.025 0.09 0.02 0.02 0 0 0 0 52.1
600 260 0.31 0.57 0.008 0.025 0.09 0.02 0.02 0 0 0 0 49.1
600 315.6 0.31 0.57 0.008 0.025 0.09 0.02 0.02 0 0 0 0 44.3
600 371.1 0.31 0.57 0.008 0.025 0.09 0.02 0.02 0 0 0 0 40.2
600 426.7 0.31 0.57 0.008 0.025 0.09 0.02 0.02 0 0 0 0 37.5
600 482.2 0.31 0.57 0.008 0.025 0.09 0.02 0.02 0 0 0 0 30.4
600 537.8 0.31 0.57 0.008 0.025 0.09 0.02 0.02 0 0 0 0 25.8
600 593.3 0.31 0.57 0.008 0.025 0.09 0.02 0.02 0 0 0 0 22.1
600 648.9 0.31 0.57 0.008 0.025 0.09 0.02 0.02 0 0 0 0 15.5
600 704.4 0.31 0.57 0.008 0.025 0.09 0.02 0.02 0 0 0 0 13.1
3600 204.4 0.31 0.57 0.008 0.025 0.09 0.02 0.02 0 0 0 0 49.3
3600 260 0.31 0.57 0.008 0.025 0.09 0.02 0.02 0 0 0 0 45.9
3600 315.6 0.31 0.57 0.008 0.025 0.09 0.02 0.02 0 0 0 0 42.2
3600 371.1 0.31 0.57 0.008 0.025 0.09 0.02 0.02 0 0 0 0 39.4
3600 426.7 0.31 0.57 0.008 0.025 0.09 0.02 0.02 0 0 0 0 34.0
3600 482.2 0.31 0.57 0.008 0.025 0.09 0.02 0.02 0 0 0 0 29.0
3600 537.8 0.31 0.57 0.008 0.025 0.09 0.02 0.02 0 0 0 0 22.4
3600 648.9 0.31 0.57 0.008 0.025 0.09 0.02 0.02 0 0 0 0 11.7
3600 704.4 0.31 0.57 0.008 0.025 0.09 0.02 0.02 0 0 0 0 10.2
14400 204.4 0.31 0.57 0.008 0.025 0.09 0.02 0.02 0 0 0 0 48.3
14400 260 0.31 0.57 0.008 0.025 0.09 0.02 0.02 0 0 0 0 44.9
14400 315.6 0.31 0.57 0.008 0.025 0.09 0.02 0.02 0 0 0 0 40.9
14400 371.1 0.31 0.57 0.008 0.025 0.09 0.02 0.02 0 0 0 0 37.3
14400 426.7 0.31 0.57 0.008 0.025 0.09 0.02 0.02 0 0 0 0 31.3
14400 482.2 0.31 0.57 0.008 0.025 0.09 0.02 0.02 0 0 0 0 25.6
14400 537.8 0.31 0.57 0.008 0.025 0.09 0.02 0.02 0 0 0 0 20.9
14400 593.3 0.31 0.57 0.008 0.025 0.09 0.02 0.02 0 0 0 0 10.9
14400 648.9 0.31 0.57 0.008 0.025 0.09 0.02 0.02 0 0 0 0 8.6
14400 704.4 0.31 0.57 0.008 0.025 0.09 0.02 0.02 0 0 0 0 7.3
86400 204.4 0.31 0.57 0.008 0.025 0.09 0.02 0.02 0 0 0 0 46.8
86400 260 0.31 0.57 0.008 0.025 0.09 0.02 0.02 0 0 0 0 43.9
86400 315.6 0.31 0.57 0.008 0.025 0.09 0.02 0.02 0 0 0 0 40.9
86400 371.1 0.31 0.57 0.008 0.025 0.09 0.02 0.02 0 0 0 0 35.4
86400 426.7 0.31 0.57 0.008 0.025 0.09 0.02 0.02 0 0 0 0 27.8
86400 482.2 0.31 0.57 0.008 0.025 0.09 0.02 0.02 0 0 0 0 23.3
86400 537.8 0.31 0.57 0.008 0.025 0.09 0.02 0.02 0 0 0 0 16.1
86400 593.3 0.31 0.57 0.008 0.025 0.09 0.02 0.02 0 0 0 0 6.5
86400 648.9 0.31 0.57 0.008 0.025 0.09 0.02 0.02 0 0 0 0 0.9
86400 704.4 0.31 0.57 0.008 0.025 0.09 0.02 0.02 0 0 0 0 2.3
600 204.4 0.36 0.74 0.019 0.03 0.24 0.02 0.02 0.01 0 0 0 52.3
600 260 0.36 0.74 0.019 0.03 0.24 0.02 0.02 0.01 0 0 0 50.4
600 315.6 0.36 0.74 0.019 0.03 0.24 0.02 0.02 0.01 0 0 0 46.8
600 371.1 0.36 0.74 0.019 0.03 0.24 0.02 0.02 0.01 0 0 0 44.3
600 426.7 0.36 0.74 0.019 0.03 0.24 0.02 0.02 0.01 0 0 0 38.6
600 482.2 0.36 0.74 0.019 0.03 0.24 0.02 0.02 0.01 0 0 0 33.4
600 537.8 0.36 0.74 0.019 0.03 0.24 0.02 0.02 0.01 0 0 0 28.4
600 593.3 0.36 0.74 0.019 0.03 0.24 0.02 0.02 0.01 0 0 0 25.5
600 648.9 0.36 0.74 0.019 0.03 0.24 0.02 0.02 0.01 0 0 0 20.9
600 704.4 0.36 0.74 0.019 0.03 0.24 0.02 0.02 0.01 0 0 0 15.0
3600 204.4 0.36 0.74 0.019 0.03 0.24 0.02 0.02 0.01 0 0 0 51.5
3600 260 0.36 0.74 0.019 0.03 0.24 0.02 0.02 0.01 0 0 0 48.9
3600 315.6 0.36 0.74 0.019 0.03 0.24 0.02 0.02 0.01 0 0 0 46.4
3600 371.1 0.36 0.74 0.019 0.03 0.24 0.02 0.02 0.01 0 0 0 41.7
3600 426.7 0.36 0.74 0.019 0.03 0.24 0.02 0.02 0.01 0 0 0 36.1
3600 482.2 0.36 0.74 0.019 0.03 0.24 0.02 0.02 0.01 0 0 0 30.7
3600 537.8 0.36 0.74 0.019 0.03 0.24 0.02 0.02 0.01 0 0 0 26.1
3600 593.3 0.36 0.74 0.019 0.03 0.24 0.02 0.02 0.01 0 0 0 21.2
3600 648.9 0.36 0.74 0.019 0.03 0.24 0.02 0.02 0.01 0 0 0 16.5
3600 704.4 0.36 0.74 0.019 0.03 0.24 0.02 0.02 0.01 0 0 0 12.4
14400 204.4 0.36 0.74 0.019 0.03 0.24 0.02 0.02 0.01 0 0 0 50.0
14400 260 0.36 0.74 0.019 0.03 0.24 0.02 0.02 0.01 0 0 0 48.3
14400 315.6 0.36 0.74 0.019 0.03 0.24 0.02 0.02 0.01 0 0 0 44.9
14400 371.1 0.36 0.74 0.019 0.03 0.24 0.02 0.02 0.01 0 0 0 39.2
14400 426.7 0.36 0.74 0.019 0.03 0.24 0.02 0.02 0.01 0 0 0 33.9
14400 482.2 0.36 0.74 0.019 0.03 0.24 0.02 0.02 0.01 0 0 0 28.8
14400 537.8 0.36 0.74 0.019 0.03 0.24 0.02 0.02 0.01 0 0 0 23.9
14400 593.3 0.36 0.74 0.019 0.03 0.24 0.02 0.02 0.01 0 0 0 18.9
14400 648.9 0.36 0.74 0.019 0.03 0.24 0.02 0.02 0.01 0 0 0 13.1
14400 704.4 0.36 0.74 0.019 0.03 0.24 0.02 0.02 0.01 0 0 0 8.6
86400 204.4 0.36 0.74 0.019 0.03 0.24 0.02 0.02 0.01 0 0 0 49.1
86400 260 0.36 0.74 0.019 0.03 0.24 0.02 0.02 0.01 0 0 0 47.0
86400 315.6 0.36 0.74 0.019 0.03 0.24 0.02 0.02 0.01 0 0 0 43.7
86400 371.1 0.36 0.74 0.019 0.03 0.24 0.02 0.02 0.01 0 0 0 36.9
86400 426.7 0.36 0.74 0.019 0.03 0.24 0.02 0.02 0.01 0 0 0 31.2
86400 482.2 0.36 0.74 0.019 0.03 0.24 0.02 0.02 0.01 0 0 0 24.9
86400 537.8 0.36 0.74 0.019 0.03 0.24 0.02 0.02 0.01 0 0 0 20.7
86400 593.3 0.36 0.74 0.019 0.03 0.24 0.02 0.02 0.01 0 0 0 14.8
86400 648.9 0.36 0.74 0.019 0.03 0.24 0.02 0.02 0.01 0 0 0 9.2
86400 704.4 0.36 0.74 0.019 0.03 0.24 0.02 0.02 0.01 0 0 0 5.0
3600 204.4 0.39 0.75 0.048 0.043 0.18 0 0 0 0 0 0 51.5
3600 260 0.39 0.75 0.048 0.043 0.18 0 0 0 0 0 0 49.0
3600 315.6 0.39 0.75 0.048 0.043 0.18 0 0 0 0 0 0 46.0
3600 371.1 0.39 0.75 0.048 0.043 0.18 0 0 0 0 0 0 41.5
3600 426.7 0.39 0.75 0.048 0.043 0.18 0 0 0 0 0 0 37.0
3600 482.2 0.39 0.75 0.048 0.043 0.18 0 0 0 0 0 0 32.5
3600 537.8 0.39 0.75 0.048 0.043 0.18 0 0 0 0 0 0 28.0
3600 593.3 0.39 0.75 0.048 0.043 0.18 0 0 0 0 0 0 22.2
3600 648.9 0.39 0.75 0.048 0.043 0.18 0 0 0 0 0 0 18.2
600 204.4 0.4 0.6 0.01 0.013 0.27 0.02 0.07 0.01 0 0 0 53.2
600 260 0.4 0.6 0.01 0.013 0.27 0.02 0.07 0.01 0 0 0 51.9
600 315.6 0.4 0.6 0.01 0.013 0.27 0.02 0.07 0.01 0 0 0 48.9
600 371.1 0.4 0.6 0.01 0.013 0.27 0.02 0.07 0.01 0 0 0 44.9
600 426.7 0.4 0.6 0.01 0.013 0.27 0.02 0.07 0.01 0 0 0 40.0
600 482.2 0.4 0.6 0.01 0.013 0.27 0.02 0.07 0.01 0 0 0 35.1
600 537.8 0.4 0.6 0.01 0.013 0.27 0.02 0.07 0.01 0 0 0 30.7
600 593.3 0.4 0.6 0.01 0.013 0.27 0.02 0.07 0.01 0 0 0 27.7
600 648.9 0.4 0.6 0.01 0.013 0.27 0.02 0.07 0.01 0 0 0 24.1
600 704.4 0.4 0.6 0.01 0.013 0.27 0.02 0.07 0.01 0 0 0 20.0
3600 204.4 0.4 0.6 0.01 0.013 0.27 0.02 0.07 0.01 0 0 0 52.6
3600 260 0.4 0.6 0.01 0.013 0.27 0.02 0.07 0.01 0 0 0 50.4
3600 315.6 0.4 0.6 0.01 0.013 0.27 0.02 0.07 0.01 0 0 0 47.6
3600 371.1 0.4 0.6 0.01 0.013 0.27 0.02 0.07 0.01 0 0 0 42.8
3600 426.7 0.4 0.6 0.01 0.013 0.27 0.02 0.07 0.01 0 0 0 37.9
3600 482.2 0.4 0.6 0.01 0.013 0.27 0.02 0.07 0.01 0 0 0 33.0
3600 537.8 0.4 0.6 0.01 0.013 0.27 0.02 0.07 0.01 0 0 0 28.3
3600 593.3 0.4 0.6 0.01 0.013 0.27 0.02 0.07 0.01 0 0 0 24.6
3600 648.9 0.4 0.6 0.01 0.013 0.27 0.02 0.07 0.01 0 0 0 20.9
3600 704.4 0.4 0.6 0.01 0.013 0.27 0.02 0.07 0.01 0 0 0 16.3
14400 204.4 0.4 0.6 0.01 0.013 0.27 0.02 0.07 0.01 0 0 0 51.0
14400 260 0.4 0.6 0.01 0.013 0.27 0.02 0.07 0.01 0 0 0 49.5
14400 315.6 0.4 0.6 0.01 0.013 0.27 0.02 0.07 0.01 0 0 0 46.5
14400 371.1 0.4 0.6 0.01 0.013 0.27 0.02 0.07 0.01 0 0 0 41.2
14400 426.7 0.4 0.6 0.01 0.013 0.27 0.02 0.07 0.01 0 0 0 35.4
14400 482.2 0.4 0.6 0.01 0.013 0.27 0.02 0.07 0.01 0 0 0 30.9
14400 537.8 0.4 0.6 0.01 0.013 0.27 0.02 0.07 0.01 0 0 0 26.5
14400 593.3 0.4 0.6 0.01 0.013 0.27 0.02 0.07 0.01 0 0 0 22.9
14400 648.9 0.4 0.6 0.01 0.013 0.27 0.02 0.07 0.01 0 0 0 17.3
14400 704.4 0.4 0.6 0.01 0.013 0.27 0.02 0.07 0.01 0 0 0 12.6
86400 204.4 0.4 0.6 0.01 0.013 0.27 0.02 0.07 0.01 0 0 0 50.6
86400 260 0.4 0.6 0.01 0.013 0.27 0.02 0.07 0.01 0 0 0 48.5
86400 315.6 0.4 0.6 0.01 0.013 0.27 0.02 0.07 0.01 0 0 0 44.9
86400 371.1 0.4 0.6 0.01 0.013 0.27 0.02 0.07 0.01 0 0 0 38.4
86400 426.7 0.4 0.6 0.01 0.013 0.27 0.02 0.07 0.01 0 0 0 33.0
86400 482.2 0.4 0.6 0.01 0.013 0.27 0.02 0.07 0.01 0 0 0 27.8
86400 537.8 0.4 0.6 0.01 0.013 0.27 0.02 0.07 0.01 0 0 0 24.1
86400 593.3 0.4 0.6 0.01 0.013 0.27 0.02 0.07 0.01 0 0 0 18.7
86400 648.9 0.4 0.6 0.01 0.013 0.27 0.02 0.07 0.01 0 0 0 14.0
86400 704.4 0.4 0.6 0.01 0.013 0.27 0.02 0.07 0.01 0 0 0 10.4
600 204.4 0.44 0.79 0.02 0.03 0.24 0.02 0.02 0.01 0 0 0 55.2
600 260 0.44 0.79 0.02 0.03 0.24 0.02 0.02 0.01 0 0 0 53.6
600 315.6 0.44 0.79 0.02 0.03 0.24 0.02 0.02 0.01 0 0 0 50.0
600 371.1 0.44 0.79 0.02 0.03 0.24 0.02 0.02 0.01 0 0 0 46.5
600 426.7 0.44 0.79 0.02 0.03 0.24 0.02 0.02 0.01 0 0 0 42.0
600 482.2 0.44 0.79 0.02 0.03 0.24 0.02 0.02 0.01 0 0 0 36.6
600 537.8 0.44 0.79 0.02 0.03 0.24 0.02 0.02 0.01 0 0 0 32.1
600 593.3 0.44 0.79 0.02 0.03 0.24 0.02 0.02 0.01 0 0 0 28.4
600 648.9 0.44 0.79 0.02 0.03 0.24 0.02 0.02 0.01 0 0 0 23.6
600 704.4 0.44 0.79 0.02 0.03 0.24 0.02 0.02 0.01 0 0 0 17.9
3600 204.4 0.44 0.79 0.02 0.03 0.24 0.02 0.02 0.01 0 0 0 54.5
3600 260 0.44 0.79 0.02 0.03 0.24 0.02 0.02 0.01 0 0 0 51.9
3600 315.6 0.44 0.79 0.02 0.03 0.24 0.02 0.02 0.01 0 0 0 48.9
3600 371.1 0.44 0.79 0.02 0.03 0.24 0.02 0.02 0.01 0 0 0 44.7
3600 426.7 0.44 0.79 0.02 0.03 0.24 0.02 0.02 0.01 0 0 0 39.6
3600 482.2 0.44 0.79 0.02 0.03 0.24 0.02 0.02 0.01 0 0 0 34.2
3600 537.8 0.44 0.79 0.02 0.03 0.24 0.02 0.02 0.01 0 0 0 29.5
3600 593.3 0.44 0.79 0.02 0.03 0.24 0.02 0.02 0.01 0 0 0 24.7
3600 648.9 0.44 0.79 0.02 0.03 0.24 0.02 0.02 0.01 0 0 0 19.2
3600 704.4 0.44 0.79 0.02 0.03 0.24 0.02 0.02 0.01 0 0 0 13.5
14400 204.4 0.44 0.79 0.02 0.03 0.24 0.02 0.02 0.01 0 0 0 53.2
14400 260 0.44 0.79 0.02 0.03 0.24 0.02 0.02 0.01 0 0 0 50.6
14400 315.6 0.44 0.79 0.02 0.03 0.24 0.02 0.02 0.01 0 0 0 48.0
14400 371.1 0.44 0.79 0.02 0.03 0.24 0.02 0.02 0.01 0 0 0 42.8
14400 426.7 0.44 0.79 0.02 0.03 0.24 0.02 0.02 0.01 0 0 0 37.3
14400 482.2 0.44 0.79 0.02 0.03 0.24 0.02 0.02 0.01 0 0 0 32.3
14400 537.8 0.44 0.79 0.02 0.03 0.24 0.02 0.02 0.01 0 0 0 26.5
14400 593.3 0.44 0.79 0.02 0.03 0.24 0.02 0.02 0.01 0 0 0 22.1
14400 648.9 0.44 0.79 0.02 0.03 0.24 0.02 0.02 0.01 0 0 0 15.9
14400 704.4 0.44 0.79 0.02 0.03 0.24 0.02 0.02 0.01 0 0 0 9.7
86400 204.4 0.44 0.79 0.02 0.03 0.24 0.02 0.02 0.01 0 0 0 52.1
86400 260 0.44 0.79 0.02 0.03 0.24 0.02 0.02 0.01 0 0 0 49.8
86400 315.6 0.44 0.79 0.02 0.03 0.24 0.02 0.02 0.01 0 0 0 46.1
86400 371.1 0.44 0.79 0.02 0.03 0.24 0.02 0.02 0.01 0 0 0 40.5
86400 426.7 0.44 0.79 0.02 0.03 0.24 0.02 0.02 0.01 0 0 0 34.6
86400 482.2 0.44 0.79 0.02 0.03 0.24 0.02 0.02 0.01 0 0 0 28.4
86400 537.8 0.44 0.79 0.02 0.03 0.24 0.02 0.02 0.01 0 0 0 23.3
86400 593.3 0.44 0.79 0.02 0.03 0.24 0.02 0.02 0.01 0 0 0 17.1
86400 648.9 0.44 0.79 0.02 0.03 0.24 0.02 0.02 0.01 0 0 0 11.4
86400 704.4 0.44 0.79 0.02 0.03 0.24 0.02 0.02 0.01 0 0 0 7.6
600 204.4 0.45 0.73 0.017 0.03 0.17 0.01 0.02 0.01 0 0 0 56.9
600 260 0.45 0.73 0.017 0.03 0.17 0.01 0.02 0.01 0 0 0 54.9
600 315.6 0.45 0.73 0.017 0.03 0.17 0.01 0.02 0.01 0 0 0 51.2
600 371.1 0.45 0.73 0.017 0.03 0.17 0.01 0.02 0.01 0 0 0 48.0
600 426.7 0.45 0.73 0.017 0.03 0.17 0.01 0.02 0.01 0 0 0 43.3
600 482.2 0.45 0.73 0.017 0.03 0.17 0.01 0.02 0.01 0 0 0 38.0
600 537.8 0.45 0.73 0.017 0.03 0.17 0.01 0.02 0.01 0 0 0 33.4
600 593.3 0.45 0.73 0.017 0.03 0.17 0.01 0.02 0.01 0 0 0 29.1
600 648.9 0.45 0.73 0.017 0.03 0.17 0.01 0.02 0.01 0 0 0 24.2
600 704.4 0.45 0.73 0.017 0.03 0.17 0.01 0.02 0.01 0 0 0 18.5
3600 204.4 0.45 0.73 0.017 0.03 0.17 0.01 0.02 0.01 0 0 0 56.3
3600 260 0.45 0.73 0.017 0.03 0.17 0.01 0.02 0.01 0 0 0 53.2
3600 315.6 0.45 0.73 0.017 0.03 0.17 0.01 0.02 0.01 0 0 0 50.2
3600 371.1 0.45 0.73 0.017 0.03 0.17 0.01 0.02 0.01 0 0 0 45.9
3600 426.7 0.45 0.73 0.017 0.03 0.17 0.01 0.02 0.01 0 0 0 40.7
3600 482.2 0.45 0.73 0.017 0.03 0.17 0.01 0.02 0.01 0 0 0 35.6
3600 537.8 0.45 0.73 0.017 0.03 0.17 0.01 0.02 0.01 0 0 0 30.4
3600 593.3 0.45 0.73 0.017 0.03 0.17 0.01 0.02 0.01 0 0 0 25.3
3600 648.9 0.45 0.73 0.017 0.03 0.17 0.01 0.02 0.01 0 0 0 20.3
3600 704.4 0.45 0.73 0.017 0.03 0.17 0.01 0.02 0.01 0 0 0 14.2
14400 204.4 0.45 0.73 0.017 0.03 0.17 0.01 0.02 0.01 0 0 0 54.5
14400 260 0.45 0.73 0.017 0.03 0.17 0.01 0.02 0.01 0 0 0 52.6
14400 315.6 0.45 0.73 0.017 0.03 0.17 0.01 0.02 0.01 0 0 0 49.1
14400 371.1 0.45 0.73 0.017 0.03 0.17 0.01 0.02 0.01 0 0 0 44.3
14400 426.7 0.45 0.73 0.017 0.03 0.17 0.01 0.02 0.01 0 0 0 38.4
14400 482.2 0.45 0.73 0.017 0.03 0.17 0.01 0.02 0.01 0 0 0 33.3
14400 537.8 0.45 0.73 0.017 0.03 0.17 0.01 0.02 0.01 0 0 0 27.8
14400 593.3 0.45 0.73 0.017 0.03 0.17 0.01 0.02 0.01 0 0 0 22.4
14400 648.9 0.45 0.73 0.017 0.03 0.17 0.01 0.02 0.01 0 0 0 17.5
14400 704.4 0.45 0.73 0.017 0.03 0.17 0.01 0.02 0.01 0 0 0 10.9
86400 204.4 0.45 0.73 0.017 0.03 0.17 0.01 0.02 0.01 0 0 0 53.8
86400 260 0.45 0.73 0.017 0.03 0.17 0.01 0.02 0.01 0 0 0 51.2
86400 315.6 0.45 0.73 0.017 0.03 0.17 0.01 0.02 0.01 0 0 0 47.4
86400 371.1 0.45 0.73 0.017 0.03 0.17 0.01 0.02 0.01 0 0 0 41.7
86400 426.7 0.45 0.73 0.017 0.03 0.17 0.01 0.02 0.01 0 0 0 36.1
86400 482.2 0.45 0.73 0.017 0.03 0.17 0.01 0.02 0.01 0 0 0 29.6
86400 537.8 0.45 0.73 0.017 0.03 0.17 0.01 0.02 0.01 0 0 0 24.2
86400 593.3 0.45 0.73 0.017 0.03 0.17 0.01 0.02 0.01 0 0 0 18.5
86400 648.9 0.45 0.73 0.017 0.03 0.17 0.01 0.02 0.01 0 0 0 12.4
86400 704.4 0.45 0.73 0.017 0.03 0.17 0.01 0.02 0.01 0 0 0 9.9
3600 204.4 0.48 0.76 0.046 0.048 0.14 0 0 0 0 0 0 55.0
3600 260 0.48 0.76 0.046 0.048 0.14 0 0 0 0 0 0 52.0
3600 315.6 0.48 0.76 0.046 0.048 0.14 0 0 0 0 0 0 49.0
3600 371.1 0.48 0.76 0.046 0.048 0.14 0 0 0 0 0 0 44.0
3600 426.7 0.48 0.76 0.046 0.048 0.14 0 0 0 0 0 0 40.0
3600 482.2 0.48 0.76 0.046 0.048 0.14 0 0 0 0 0 0 35.5
3600 537.8 0.48 0.76 0.046 0.048 0.14 0 0 0 0 0 0 30.5
3600 593.3 0.48 0.76 0.046 0.048 0.14 0 0 0 0 0 0 24.5
3600 648.9 0.48 0.76 0.046 0.048 0.14 0 0 0 0 0 0 19.0
600 204.4 0.5 0.91 0.046 0.041 0.13 0 0 0 0 0 0 57.1
600 315.6 0.5 0.91 0.046 0.041 0.13 0 0 0 0 0 0 51.3
600 426.7 0.5 0.91 0.046 0.041 0.13 0 0 0 0 0 0 45.8
600 537.8 0.5 0.91 0.046 0.041 0.13 0 0 0 0 0 0 36.0
3600 204.4 0.5 0.91 0.046 0.041 0.13 0 0 0 0 0 0 56.0
3600 260 0.5 0.91 0.046 0.041 0.13 0 0 0 0 0 0 54.0
3600 315.6 0.5 0.91 0.046 0.041 0.13 0 0 0 0 0 0 50.0
3600 371.1 0.5 0.91 0.046 0.041 0.13 0 0 0 0 0 0 46.5
3600 426.7 0.5 0.91 0.046 0.041 0.13 0 0 0 0 0 0 41.0
3600 482.2 0.5 0.91 0.046 0.041 0.13 0 0 0 0 0 0 37.7
3600 537.8 0.5 0.91 0.046 0.041 0.13 0 0 0 0 0 0 32.6
3600 593.3 0.5 0.91 0.046 0.041 0.13 0 0 0 0 0 0 27.2
3600 648.9 0.5 0.91 0.046 0.041 0.13 0 0 0 0 0 0 18.5
86400 204.4 0.5 0.91 0.046 0.041 0.13 0 0 0 0 0 0 53.6
86400 315.6 0.5 0.91 0.046 0.041 0.13 0 0 0 0 0 0 48.7
86400 426.7 0.5 0.91 0.046 0.041 0.13 0 0 0 0 0 0 39.5
86400 537.8 0.5 0.91 0.046 0.041 0.13 0 0 0 0 0 0 26.5
3600 204.4  0.67 0.87 0.023 0.018 0.17 0.02 0.04 0 0 0 0 58.3
3600 260  0.67 0.87 0.023 0.018 0.17 0.02 0.04 0 0 0 0 55.9
3600 315.6  0.67 0.87 0.023 0.018 0.17 0.02 0.04 0 0 0 0 52.4
3600 371.1  0.67 0.87 0.023 0.018 0.17 0.02 0.04 0 0 0 0 49.5
3600 426.7  0.67 0.87 0.023 0.018 0.17 0.02 0.04 0 0 0 0 44.8
3600 482.2  0.67 0.87 0.023 0.018 0.17 0.02 0.04 0 0 0 0 39.7
3600 537.8  0.67 0.87 0.023 0.018 0.17 0.02 0.04 0 0 0 0 34.5
3600 593.3  0.67 0.87 0.023 0.018 0.17 0.02 0.04 0 0 0 0 29.7
3600 648.9  0.67 0.87 0.023 0.018 0.17 0.02 0.04 0 0 0 0 23.4
3600 704.4  0.67 0.87 0.023 0.018 0.17 0.02 0.04 0 0 0 0 16.7
3600 204.4 0.65 0.87 0.04 0.042 0.19 0 0 0 0 0 0 59.2
3600 260 0.65 0.87 0.04 0.042 0.19 0 0 0 0 0 0 56.5
3600 315.6 0.65 0.87 0.04 0.042 0.19 0 0 0 0 0 0 53.5
3600 371.1 0.65 0.87 0.04 0.042 0.19 0 0 0 0 0 0 50.0
3600 426.7 0.65 0.87 0.04 0.042 0.19 0 0 0 0 0 0 45.0
3600 482.2 0.65 0.87 0.04 0.042 0.19 0 0 0 0 0 0 41.5
3600 537.8 0.65 0.87 0.04 0.042 0.19 0 0 0 0 0 0 36.5
3600 593.3 0.65 0.87 0.04 0.042 0.19 0 0 0 0 0 0 31.2
3600 648.9 0.65 0.87 0.04 0.042 0.19 0 0 0 0 0 0 25.8
600 204.4 0.82 0.75 0.054 0.055 0.3 0 0 0 0 0 0 62.7
600 315.6 0.82 0.75 0.054 0.055 0.3 0 0 0 0 0 0 57.6
600 426.7 0.82 0.75 0.054 0.055 0.3 0 0 0 0 0 0 50.0
600 537.8 0.82 0.75 0.054 0.055 0.3 0 0 0 0 0 0 42.0
3600 204.4 0.82 0.75 0.054 0.055 0.3 0 0 0 0 0 0 61.3
3600 260 0.82 0.75 0.054 0.055 0.3 0 0 0 0 0 0 59.5
3600 315.6 0.82 0.75 0.054 0.055 0.3 0 0 0 0 0 0 56.7
3600 371.1 0.82 0.75 0.054 0.055 0.3 0 0 0 0 0 0 51.0
3600 426.7 0.82 0.75 0.054 0.055 0.3 0 0 0 0 0 0 47.0
3600 482.2 0.82 0.75 0.054 0.055 0.3 0 0 0 0 0 0 43.2
3600 537.8 0.82 0.75 0.054 0.055 0.3 0 0 0 0 0 0 38.8
3600 593.3 0.82 0.75 0.054 0.055 0.3 0 0 0 0 0 0 32.5
3600 648.9 0.82 0.75 0.054 0.055 0.3 0 0 0 0 0 0 27.0
86400 204.4 0.82 0.75 0.054 0.055 0.3 0 0 0 0 0 0 60.0
86400 315.6 0.82 0.75 0.054 0.055 0.3 0 0 0 0 0 0 53.5
86400 426.7 0.82 0.75 0.054 0.055 0.3 0 0 0 0 0 0 43.8
86400 537.8 0.82 0.75 0.054 0.055 0.3 0 0 0 0 0 0 32.0
40 426.7 0.35 1.85 0.02 0.026 0.19 0.01 0.03 0 0 0 0 44.9
40 537.8 0.35 1.85 0.02 0.026 0.19 0.01 0.03 0 0 0 0 38.0
40 593.3 0.35 1.85 0.02 0.026 0.19 0.01 0.03 0 0 0 0 34.7
40 648.9 0.35 1.85 0.02 0.026 0.19 0.01 0.03 0 0 0 0 30.9
120 426.7 0.35 1.85 0.02 0.026 0.19 0.01 0.03 0 0 0 0 43.2
120 537.8 0.35 1.85 0.02 0.026 0.19 0.01 0.03 0 0 0 0 36.1
120 593.3 0.35 1.85 0.02 0.026 0.19 0.01 0.03 0 0 0 0 33.0
120 648.9 0.35 1.85 0.02 0.026 0.19 0.01 0.03 0 0 0 0 29.6
300 426.7 0.35 1.85 0.02 0.026 0.19 0.01 0.03 0 0 0 0 42.6
300 537.8 0.35 1.85 0.02 0.026 0.19 0.01 0.03 0 0 0 0 34.8
300 593.3 0.35 1.85 0.02 0.026 0.19 0.01 0.03 0 0 0 0 32.8
300 648.9 0.35 1.85 0.02 0.026 0.19 0.01 0.03 0 0 0 0 28.1
900 426.7 0.35 1.85 0.02 0.026 0.19 0.01 0.03 0 0 0 0 39.9
900 537.8 0.35 1.85 0.02 0.026 0.19 0.01 0.03 0 0 0 0 33.5
900 593.3 0.35 1.85 0.02 0.026 0.19 0.01 0.03 0 0 0 0 29.8
900 648.9 0.35 1.85 0.02 0.026 0.19 0.01 0.03 0 0 0 0 25.5
3600 204.4 0.35 1.85 0.02 0.026 0.19 0.01 0.03 0 0 0 0 51.6
3600 260 0.35 1.85 0.02 0.026 0.19 0.01 0.03 0 0 0 0 48.6
3600 315.6 0.35 1.85 0.02 0.026 0.19 0.01 0.03 0 0 0 0 46.8
3600 371.1 0.35 1.85 0.02 0.026 0.19 0.01 0.03 0 0 0 0 44.4
3600 426.7 0.35 1.85 0.02 0.026 0.19 0.01 0.03 0 0 0 0 39.1
3600 482.2 0.35 1.85 0.02 0.026 0.19 0.01 0.03 0 0 0 0 34.3
3600 537.8 0.35 1.85 0.02 0.026 0.19 0.01 0.03 0 0 0 0 30.4
3600 593.3 0.35 1.85 0.02 0.026 0.19 0.01 0.03 0 0 0 0 27.1
3600 648.9 0.35 1.85 0.02 0.026 0.19 0.01 0.03 0 0 0 0 21.8
7200 204.4 0.35 1.85 0.02 0.026 0.19 0.01 0.03 0 0 0 0 51.2
7200 315.6 0.35 1.85 0.02 0.026 0.19 0.01 0.03 0 0 0 0 46.4
7200 426.7 0.35 1.85 0.02 0.026 0.19 0.01 0.03 0 0 0 0 37.9
7200 537.8 0.35 1.85 0.02 0.026 0.19 0.01 0.03 0 0 0 0 28.8
7200 648.9 0.35 1.85 0.02 0.026 0.19 0.01 0.03 0 0 0 0 18.5
14400 204.4 0.35 1.85 0.02 0.026 0.19 0.01 0.03 0 0 0 0 50.8
14400 315.6 0.35 1.85 0.02 0.026 0.19 0.01 0.03 0 0 0 0 46.3
14400 426.7 0.35 1.85 0.02 0.026 0.19 0.01 0.03 0 0 0 0 37.4
14400 537.8 0.35 1.85 0.02 0.026 0.19 0.01 0.03 0 0 0 0 27.7
14400 648.9 0.35 1.85 0.02 0.026 0.19 0.01 0.03 0 0 0 0 16.7
28800 204.4 0.35 1.85 0.02 0.026 0.19 0.01 0.03 0 0 0 0 50.5
28800 315.6 0.35 1.85 0.02 0.026 0.19 0.01 0.03 0 0 0 0 46.5
28800 426.7 0.35 1.85 0.02 0.026 0.19 0.01 0.03 0 0 0 0 37.3
28800 537.8 0.35 1.85 0.02 0.026 0.19 0.01 0.03 0 0 0 0 26.7
28800 648.9 0.35 1.85 0.02 0.026 0.19 0.01 0.03 0 0 0 0 14.8
57600 204.4 0.35 1.85 0.02 0.026 0.19 0.01 0.03 0 0 0 0 50.7
57600 315.6 0.35 1.85 0.02 0.026 0.19 0.01 0.03 0 0 0 0 46.7
57600 426.7 0.35 1.85 0.02 0.026 0.19 0.01 0.03 0 0 0 0 36.8
57600 537.8 0.35 1.85 0.02 0.026 0.19 0.01 0.03 0 0 0 0 25.5
57600 648.9 0.35 1.85 0.02 0.026 0.19 0.01 0.03 0 0 0 0 13.1
115200 204.4 0.35 1.85 0.02 0.026 0.19 0.01 0.03 0 0 0 0 50.3
115200 315.6 0.35 1.85 0.02 0.026 0.19 0.01 0.03 0 0 0 0 46.5
115200 426.7 0.35 1.85 0.02 0.026 0.19 0.01 0.03 0 0 0 0 36.4
115200 537.8 0.35 1.85 0.02 0.026 0.19 0.01 0.03 0 0 0 0 24.2
115200 648.9 0.35 1.85 0.02 0.026 0.19 0.01 0.03 0 0 0 0 12.4
40 426.7 0.37 0.68 0.014 0.021 0.21 3.41 0.05 0 0 0 0 43.7
40 537.8 0.37 0.68 0.014 0.021 0.21 3.41 0.05 0 0 0 0 37.0
40 593.3 0.37 0.68 0.014 0.021 0.21 3.41 0.05 0 0 0 0 33.6
40 648.9 0.37 0.68 0.014 0.021 0.21 3.41 0.05 0 0 0 0 30.7
120 426.7 0.37 0.68 0.014 0.021 0.21 3.41 0.05 0 0 0 0 41.6
120 537.8 0.37 0.68 0.014 0.021 0.21 3.41 0.05 0 0 0 0 34.7
120 593.3 0.37 0.68 0.014 0.021 0.21 3.41 0.05 0 0 0 0 32.3
120 648.9 0.37 0.68 0.014 0.021 0.21 3.41 0.05 0 0 0 0 27.4
300 426.7 0.37 0.68 0.014 0.021 0.21 3.41 0.05 0 0 0 0 40.0
300 537.8 0.37 0.68 0.014 0.021 0.21 3.41 0.05 0 0 0 0 32.8
300 593.3 0.37 0.68 0.014 0.021 0.21 3.41 0.05 0 0 0 0 30.2
300 648.9 0.37 0.68 0.014 0.021 0.21 3.41 0.05 0 0 0 0 26.5
900 426.7 0.37 0.68 0.014 0.021 0.21 3.41 0.05 0 0 0 0 39.3
900 537.8 0.37 0.68 0.014 0.021 0.21 3.41 0.05 0 0 0 0 31.6
900 593.3 0.37 0.68 0.014 0.021 0.21 3.41 0.05 0 0 0 0 27.6
900 648.9 0.37 0.68 0.014 0.021 0.21 3.41 0.05 0 0 0 0 24.2
3600 204.4 0.37 0.68 0.014 0.021 0.21 3.41 0.05 0 0 0 0 51.9
3600 260 0.37 0.68 0.014 0.021 0.21 3.41 0.05 0 0 0 0 49.7
3600 315.6 0.37 0.68 0.014 0.021 0.21 3.41 0.05 0 0 0 0 47.0
3600 371.1 0.37 0.68 0.014 0.021 0.21 3.41 0.05 0 0 0 0 42.7
3600 426.7 0.37 0.68 0.014 0.021 0.21 3.41 0.05 0 0 0 0 37.5
3600 482.2 0.37 0.68 0.014 0.021 0.21 3.41 0.05 0 0 0 0 33.6
3600 537.8 0.37 0.68 0.014 0.021 0.21 3.41 0.05 0 0 0 0 30.2
3600 593.3 0.37 0.68 0.014 0.021 0.21 3.41 0.05 0 0 0 0 25.6
3600 648.9 0.37 0.68 0.014 0.021 0.21 3.41 0.05 0 0 0 0 20.5
7200 204.4 0.37 0.68 0.014 0.021 0.21 3.41 0.05 0 0 0 0 52.1
7200 315.6 0.37 0.68 0.014 0.021 0.21 3.41 0.05 0 0 0 0 46.1
7200 426.7 0.37 0.68 0.014 0.021 0.21 3.41 0.05 0 0 0 0 36.8
7200 537.8 0.37 0.68 0.014 0.021 0.21 3.41 0.05 0 0 0 0 27.6
7200 648.9 0.37 0.68 0.014 0.021 0.21 3.41 0.05 0 0 0 0 18.1
14400 204.4 0.37 0.68 0.014 0.021 0.21 3.41 0.05 0 0 0 0 51.7
14400 315.6 0.37 0.68 0.014 0.021 0.21 3.41 0.05 0 0 0 0 45.5
14400 426.7 0.37 0.68 0.014 0.021 0.21 3.41 0.05 0 0 0 0 35.7
14400 537.8 0.37 0.68 0.014 0.021 0.21 3.41 0.05 0 0 0 0 26.1
14400 648.9 0.37 0.68 0.014 0.021 0.21 3.41 0.05 0 0 0 0 17.1
28800 204.4 0.37 0.68 0.014 0.021 0.21 3.41 0.05 0 0 0 0 51.9
28800 315.6 0.37 0.68 0.014 0.021 0.21 3.41 0.05 0 0 0 0 45.2
28800 426.7 0.37 0.68 0.014 0.021 0.21 3.41 0.05 0 0 0 0 35.6
28800 537.8 0.37 0.68 0.014 0.021 0.21 3.41 0.05 0 0 0 0 24.9
28800 648.9 0.37 0.68 0.014 0.021 0.21 3.41 0.05 0 0 0 0 16.1
57600 204.4 0.37 0.68 0.014 0.021 0.21 3.41 0.05 0 0 0 0 51.7
57600 315.6 0.37 0.68 0.014 0.021 0.21 3.41 0.05 0 0 0 0 44.9
57600 426.7 0.37 0.68 0.014 0.021 0.21 3.41 0.05 0 0 0 0 35.4
57600 537.8 0.37 0.68 0.014 0.021 0.21 3.41 0.05 0 0 0 0 24.1
57600 648.9 0.37 0.68 0.014 0.021 0.21 3.41 0.05 0 0 0 0 15.0
115200 204.4 0.37 0.68 0.014 0.021 0.21 3.41 0.05 0 0 0 0 51.3
115200 315.6 0.37 0.68 0.014 0.021 0.21 3.41 0.05 0 0 0 0 44.4
115200 426.7 0.37 0.68 0.014 0.021 0.21 3.41 0.05 0 0 0 0 34.5
115200 537.8 0.37 0.68 0.014 0.021 0.21 3.41 0.05 0 0 0 0 22.9
115200 648.9 0.37 0.68 0.014 0.021 0.21 3.41 0.05 0 0 0 0 13.7
40 426.7 0.38 0.72 0.019 0.033 0.21 1.32 0.49 0 0 0 0 44.7
40 537.8 0.38 0.72 0.019 0.033 0.21 1.32 0.49 0 0 0 0 38.7
40 593.3 0.38 0.72 0.019 0.033 0.21 1.32 0.49 0 0 0 0 35.1
40 648.9 0.38 0.72 0.019 0.033 0.21 1.32 0.49 0 0 0 0 31.7
120 426.7 0.38 0.72 0.019 0.033 0.21 1.32 0.49 0 0 0 0 44.2
120 537.8 0.38 0.72 0.019 0.033 0.21 1.32 0.49 0 0 0 0 37.5
120 593.3 0.38 0.72 0.019 0.033 0.21 1.32 0.49 0 0 0 0 33.6
120 648.9 0.38 0.72 0.019 0.033 0.21 1.32 0.49 0 0 0 0 30.0
300 426.7 0.38 0.72 0.019 0.033 0.21 1.32 0.49 0 0 0 0 43.0
300 537.8 0.38 0.72 0.019 0.033 0.21 1.32 0.49 0 0 0 0 35.8
300 593.3 0.38 0.72 0.019 0.033 0.21 1.32 0.49 0 0 0 0 31.4
300 648.9 0.38 0.72 0.019 0.033 0.21 1.32 0.49 0 0 0 0 28.7
900 426.7 0.38 0.72 0.019 0.033 0.21 1.32 0.49 0 0 0 0 41.9
900 537.8 0.38 0.72 0.019 0.033 0.21 1.32 0.49 0 0 0 0 34.1
900 593.3 0.38 0.72 0.019 0.033 0.21 1.32 0.49 0 0 0 0 30.2
900 648.9 0.38 0.72 0.019 0.033 0.21 1.32 0.49 0 0 0 0 26.4
3600 204.4 0.38 0.72 0.019 0.033 0.21 1.32 0.49 0 0 0 0 52.1
3600 260 0.38 0.72 0.019 0.033 0.21 1.32 0.49 0 0 0 0 49.5
3600 315.6 0.38 0.72 0.019 0.033 0.21 1.32 0.49 0 0 0 0 47.7
3600 371.1 0.38 0.72 0.019 0.033 0.21 1.32 0.49 0 0 0 0 44.9
3600 426.7 0.38 0.72 0.019 0.033 0.21 1.32 0.49 0 0 0 0 40.7
3600 482.2 0.38 0.72 0.019 0.033 0.21 1.32 0.49 0 0 0 0 35.8
3600 537.8 0.38 0.72 0.019 0.033 0.21 1.32 0.49 0 0 0 0 31.4
3600 593.3 0.38 0.72 0.019 0.033 0.21 1.32 0.49 0 0 0 0 27.8
3600 648.9 0.38 0.72 0.019 0.033 0.21 1.32 0.49 0 0 0 0 24.7
7200 204.4 0.38 0.72 0.019 0.033 0.21 1.32 0.49 0 0 0 0 52.0
7200 315.6 0.38 0.72 0.019 0.033 0.21 1.32 0.49 0 0 0 0 46.6
7200 426.7 0.38 0.72 0.019 0.033 0.21 1.32 0.49 0 0 0 0 38.8
7200 537.8 0.38 0.72 0.019 0.033 0.21 1.32 0.49 0 0 0 0 29.9
7200 648.9 0.38 0.72 0.019 0.033 0.21 1.32 0.49 0 0 0 0 22.1
14400 204.4 0.38 0.72 0.019 0.033 0.21 1.32 0.49 0 0 0 0 51.5
14400 315.6 0.38 0.72 0.019 0.033 0.21 1.32 0.49 0 0 0 0 46.9
14400 426.7 0.38 0.72 0.019 0.033 0.21 1.32 0.49 0 0 0 0 38.5
14400 537.8 0.38 0.72 0.019 0.033 0.21 1.32 0.49 0 0 0 0 28.4
14400 648.9 0.38 0.72 0.019 0.033 0.21 1.32 0.49 0 0 0 0 20.7
28800 204.4 0.38 0.72 0.019 0.033 0.21 1.32 0.49 0 0 0 0 50.5
28800 315.6 0.38 0.72 0.019 0.033 0.21 1.32 0.49 0 0 0 0 46.2
28800 426.7 0.38 0.72 0.019 0.033 0.21 1.32 0.49 0 0 0 0 37.5
28800 537.8 0.38 0.72 0.019 0.033 0.21 1.32 0.49 0 0 0 0 27.4
28800 648.9 0.38 0.72 0.019 0.033 0.21 1.32 0.49 0 0 0 0 18.7
57600 204.4 0.38 0.72 0.019 0.033 0.21 1.32 0.49 0 0 0 0 50.4
57600 315.6 0.38 0.72 0.019 0.033 0.21 1.32 0.49 0 0 0 0 46.5
57600 426.7 0.38 0.72 0.019 0.033 0.21 1.32 0.49 0 0 0 0 37.2
57600 537.8 0.38 0.72 0.019 0.033 0.21 1.32 0.49 0 0 0 0 26.4
57600 648.9 0.38 0.72 0.019 0.033 0.21 1.32 0.49 0 0 0 0 16.1
115200 204.4 0.38 0.72 0.019 0.033 0.21 1.32 0.49 0 0 0 0 50.7
115200 315.6 0.38 0.72 0.019 0.033 0.21 1.32 0.49 0 0 0 0 46.3
115200 426.7 0.38 0.72 0.019 0.033 0.21 1.32 0.49 0 0 0 0 36.3
115200 537.8 0.38 0.72 0.019 0.033 0.21 1.32 0.49 0 0 0 0 25.2
115200 648.9 0.38 0.72 0.019 0.033 0.21 1.32 0.49 0 0 0 0 14.6
600 204.4 0.26 0.87 0.015 0.03 0.29 0.03 0.06 0.26 0 0 0 50.3
600 260 0.26 0.87 0.015 0.03 0.29 0.03 0.06 0.26 0 0 0 46.4
600 315.6 0.26 0.87 0.015 0.03 0.29 0.03 0.06 0.26 0 0 0 43.0
600 371.1 0.26 0.87 0.015 0.03 0.29 0.03 0.06 0.26 0 0 0 40.7
600 426.7 0.26 0.87 0.015 0.03 0.29 0.03 0.06 0.26 0 0 0 38.0
600 482.2 0.26 0.87 0.015 0.03 0.29 0.03 0.06 0.26 0 0 0 34.8
600 537.8 0.26 0.87 0.015 0.03 0.29 0.03 0.06 0.26 0 0 0 31.5
600 593.3 0.26 0.87 0.015 0.03 0.29 0.03 0.06 0.26 0 0 0 28.6
600 648.9 0.26 0.87 0.015 0.03 0.29 0.03 0.06 0.26 0 0 0 25.0
600 704.4 0.26 0.87 0.015 0.03 0.29 0.03 0.06 0.26 0 0 0 20.5
3600 204.4 0.26 0.87 0.015 0.03 0.29 0.03 0.06 0.26 0 0 0 49.0
3600 260 0.26 0.87 0.015 0.03 0.29 0.03 0.06 0.26 0 0 0 45.5
3600 315.6 0.26 0.87 0.015 0.03 0.29 0.03 0.06 0.26 0 0 0 42.5
3600 371.1 0.26 0.87 0.015 0.03 0.29 0.03 0.06 0.26 0 0 0 39.7
3600 426.7 0.26 0.87 0.015 0.03 0.29 0.03 0.06 0.26 0 0 0 35.9
3600 482.2 0.26 0.87 0.015 0.03 0.29 0.03 0.06 0.26 0 0 0 32.5
3600 537.8 0.26 0.87 0.015 0.03 0.29 0.03 0.06 0.26 0 0 0 29.7
3600 593.3 0.26 0.87 0.015 0.03 0.29 0.03 0.06 0.26 0 0 0 27.0
3600 648.9 0.26 0.87 0.015 0.03 0.29 0.03 0.06 0.26 0 0 0 22.0
3600 704.4 0.26 0.87 0.015 0.03 0.29 0.03 0.06 0.26 0 0 0 15.5
14400 204.4 0.26 0.87 0.015 0.03 0.29 0.03 0.06 0.26 0 0 0 47.4
14400 260 0.26 0.87 0.015 0.03 0.29 0.03 0.06 0.26 0 0 0 45.0
14400 315.6 0.26 0.87 0.015 0.03 0.29 0.03 0.06 0.26 0 0 0 41.5
14400 371.1 0.26 0.87 0.015 0.03 0.29 0.03 0.06 0.26 0 0 0 38.7
14400 426.7 0.26 0.87 0.015 0.03 0.29 0.03 0.06 0.26 0 0 0 35.0
14400 482.2 0.26 0.87 0.015 0.03 0.29 0.03 0.06 0.26 0 0 0 32.0
14400 537.8 0.26 0.87 0.015 0.03 0.29 0.03 0.06 0.26 0 0 0 29.1
14400 593.3 0.26 0.87 0.015 0.03 0.29 0.03 0.06 0.26 0 0 0 25.0
14400 648.9 0.26 0.87 0.015 0.03 0.29 0.03 0.06 0.26 0 0 0 19.0
14400 704.4 0.26 0.87 0.015 0.03 0.29 0.03 0.06 0.26 0 0 0 12.0
86400 204.4 0.26 0.87 0.015 0.03 0.29 0.03 0.06 0.26 0 0 0 46.0
86400 260 0.26 0.87 0.015 0.03 0.29 0.03 0.06 0.26 0 0 0 44.2
86400 315.6 0.26 0.87 0.015 0.03 0.29 0.03 0.06 0.26 0 0 0 40.7
86400 371.1 0.26 0.87 0.015 0.03 0.29 0.03 0.06 0.26 0 0 0 37.5
86400 426.7 0.26 0.87 0.015 0.03 0.29 0.03 0.06 0.26 0 0 0 34.1
86400 482.2 0.26 0.87 0.015 0.03 0.29 0.03 0.06 0.26 0 0 0 31.0
86400 537.8 0.26 0.87 0.015 0.03 0.29 0.03 0.06 0.26 0 0 0 28.1
86400 593.3 0.26 0.87 0.015 0.03 0.29 0.03 0.06 0.26 0 0 0 23.0
86400 648.9 0.26 0.87 0.015 0.03 0.29 0.03 0.06 0.26 0 0 0 15.5
86400 704.4 0.26 0.87 0.015 0.03 0.29 0.03 0.06 0.26 0 0 0 6.0
600 204.4 0.35 0.8 0.022 0.028 0.24 0.06 0.06 0.25 0 0 0 52.6
600 260 0.35 0.8 0.022 0.028 0.24 0.06 0.06 0.25 0 0 0 51.0
600 315.6 0.35 0.8 0.022 0.028 0.24 0.06 0.06 0.25 0 0 0 47.6
600 371.1 0.35 0.8 0.022 0.028 0.24 0.06 0.06 0.25 0 0 0 45.0
600 426.7 0.35 0.8 0.022 0.028 0.24 0.06 0.06 0.25 0 0 0 42.0
600 482.2 0.35 0.8 0.022 0.028 0.24 0.06 0.06 0.25 0 0 0 38.5
600 537.8 0.35 0.8 0.022 0.028 0.24 0.06 0.06 0.25 0 0 0 35.6
600 593.3 0.35 0.8 0.022 0.028 0.24 0.06 0.06 0.25 0 0 0 32.7
600 648.9 0.35 0.8 0.022 0.028 0.24 0.06 0.06 0.25 0 0 0 28.5
600 704.4 0.35 0.8 0.022 0.028 0.24 0.06 0.06 0.25 0 0 0 23.0
3600 204.4 0.35 0.8 0.022 0.028 0.24 0.06 0.06 0.25 0 0 0 51.6
3600 260 0.35 0.8 0.022 0.028 0.24 0.06 0.06 0.25 0 0 0 49.0
3600 315.6 0.35 0.8 0.022 0.028 0.24 0.06 0.06 0.25 0 0 0 47.0
3600 371.1 0.35 0.8 0.022 0.028 0.24 0.06 0.06 0.25 0 0 0 43.9
3600 426.7 0.35 0.8 0.022 0.028 0.24 0.06 0.06 0.25 0 0 0 40.5
3600 482.2 0.35 0.8 0.022 0.028 0.24 0.06 0.06 0.25 0 0 0 37.0
3600 537.8 0.35 0.8 0.022 0.028 0.24 0.06 0.06 0.25 0 0 0 34.0
3600 593.3 0.35 0.8 0.022 0.028 0.24 0.06 0.06 0.25 0 0 0 31.0
3600 648.9 0.35 0.8 0.022 0.028 0.24 0.06 0.06 0.25 0 0 0 25.0
3600 704.4 0.35 0.8 0.022 0.028 0.24 0.06 0.06 0.25 0 0 0 18.0
14400 204.4 0.35 0.8 0.022 0.028 0.24 0.06 0.06 0.25 0 0 0 51.5
14400 260 0.35 0.8 0.022 0.028 0.24 0.06 0.06 0.25 0 0 0 48.1
14400 315.6 0.35 0.8 0.022 0.028 0.24 0.06 0.06 0.25 0 0 0 45.7
14400 371.1 0.35 0.8 0.022 0.028 0.24 0.06 0.06 0.25 0 0 0 42.9
14400 426.7 0.35 0.8 0.022 0.028 0.24 0.06 0.06 0.25 0 0 0 39.5
14400 482.2 0.35 0.8 0.022 0.028 0.24 0.06 0.06 0.25 0 0 0 36.1
14400 537.8 0.35 0.8 0.022 0.028 0.24 0.06 0.06 0.25 0 0 0 32.5
14400 593.3 0.35 0.8 0.022 0.028 0.24 0.06 0.06 0.25 0 0 0 29.5
14400 648.9 0.35 0.8 0.022 0.028 0.24 0.06 0.06 0.25 0 0 0 22.2
14400 704.4 0.35 0.8 0.022 0.028 0.24 0.06 0.06 0.25 0 0 0 13.5
86400 204.4 0.35 0.8 0.022 0.028 0.24 0.06 0.06 0.25 0 0 0 50.7
86400 260 0.35 0.8 0.022 0.028 0.24 0.06 0.06 0.25 0 0 0 47.7
86400 315.6 0.35 0.8 0.022 0.028 0.24 0.06 0.06 0.25 0 0 0 45.2
86400 371.1 0.35 0.8 0.022 0.028 0.24 0.06 0.06 0.25 0 0 0 41.5
86400 426.7 0.35 0.8 0.022 0.028 0.24 0.06 0.06 0.25 0 0 0 38.5
86400 482.2 0.35 0.8 0.022 0.028 0.24 0.06 0.06 0.25 0 0 0 35.0
86400 537.8 0.35 0.8 0.022 0.028 0.24 0.06 0.06 0.25 0 0 0 31.5
86400 593.3 0.35 0.8 0.022 0.028 0.24 0.06 0.06 0.25 0 0 0 26.0
86400 648.9 0.35 0.8 0.022 0.028 0.24 0.06 0.06 0.25 0 0 0 17.2
86400 704.4 0.35 0.8 0.022 0.028 0.24 0.06 0.06 0.25 0 0 0 9.5
600 204.4 0.48 0.94 0.015 0.03 0.16 0.04 0.03 0.25 0 0 0 57.5
600 260 0.48 0.94 0.015 0.03 0.16 0.04 0.03 0.25 0 0 0 53.9
600 315.6 0.48 0.94 0.015 0.03 0.16 0.04 0.03 0.25 0 0 0 50.7
600 371.1 0.48 0.94 0.015 0.03 0.16 0.04 0.03 0.25 0 0 0 48.0
600 426.7 0.48 0.94 0.015 0.03 0.16 0.04 0.03 0.25 0 0 0 45.0
600 482.2 0.48 0.94 0.015 0.03 0.16 0.04 0.03 0.25 0 0 0 41.6
600 537.8 0.48 0.94 0.015 0.03 0.16 0.04 0.03 0.25 0 0 0 39.0
600 593.3 0.48 0.94 0.015 0.03 0.16 0.04 0.03 0.25 0 0 0 34.6
600 648.9 0.48 0.94 0.015 0.03 0.16 0.04 0.03 0.25 0 0 0 29.5
600 704.4 0.48 0.94 0.015 0.03 0.16 0.04 0.03 0.25 0 0 0 25.0
3600 204.4 0.48 0.94 0.015 0.03 0.16 0.04 0.03 0.25 0 0 0 55.5
3600 260 0.48 0.94 0.015 0.03 0.16 0.04 0.03 0.25 0 0 0 51.5
3600 315.6 0.48 0.94 0.015 0.03 0.16 0.04 0.03 0.25 0 0 0 49.5
3600 371.1 0.48 0.94 0.015 0.03 0.16 0.04 0.03 0.25 0 0 0 46.5
3600 426.7 0.48 0.94 0.015 0.03 0.16 0.04 0.03 0.25 0 0 0 43.2
3600 482.2 0.48 0.94 0.015 0.03 0.16 0.04 0.03 0.25 0 0 0 40.0
3600 537.8 0.48 0.94 0.015 0.03 0.16 0.04 0.03 0.25 0 0 0 36.5
3600 593.3 0.48 0.94 0.015 0.03 0.16 0.04 0.03 0.25 0 0 0 33.0
3600 648.9 0.48 0.94 0.015 0.03 0.16 0.04 0.03 0.25 0 0 0 26.2
3600 704.4 0.48 0.94 0.015 0.03 0.16 0.04 0.03 0.25 0 0 0 19.5
14400 204.4 0.48 0.94 0.015 0.03 0.16 0.04 0.03 0.25 0 0 0 55.0
14400 260 0.48 0.94 0.015 0.03 0.16 0.04 0.03 0.25 0 0 0 50.9
14400 315.6 0.48 0.94 0.015 0.03 0.16 0.04 0.03 0.25 0 0 0 48.0
14400 371.1 0.48 0.94 0.015 0.03 0.16 0.04 0.03 0.25 0 0 0 46.0
14400 426.7 0.48 0.94 0.015 0.03 0.16 0.04 0.03 0.25 0 0 0 42.5
14400 482.2 0.48 0.94 0.015 0.03 0.16 0.04 0.03 0.25 0 0 0 39.0
14400 537.8 0.48 0.94 0.015 0.03 0.16 0.04 0.03 0.25 0 0 0 35.5
14400 593.3 0.48 0.94 0.015 0.03 0.16 0.04 0.03 0.25 0 0 0 31.0
14400 648.9 0.48 0.94 0.015 0.03 0.16 0.04 0.03 0.25 0 0 0 22.5
14400 704.4 0.48 0.94 0.015 0.03 0.16 0.04 0.03 0.25 0 0 0 14.0
86400 204.4 0.48 0.94 0.015 0.03 0.16 0.04 0.03 0.25 0 0 0 53.5
86400 260 0.48 0.94 0.015 0.03 0.16 0.04 0.03 0.25 0 0 0 50.2
86400 315.6 0.48 0.94 0.015 0.03 0.16 0.04 0.03 0.25 0 0 0 47.5
86400 371.1 0.48 0.94 0.015 0.03 0.16 0.04 0.03 0.25 0 0 0 44.5
86400 426.7 0.48 0.94 0.015 0.03 0.16 0.04 0.03 0.25 0 0 0 41.5
86400 482.2 0.48 0.94 0.015 0.03 0.16 0.04 0.03 0.25 0 0 0 38.0
86400 537.8 0.48 0.94 0.015 0.03 0.16 0.04 0.03 0.25 0 0 0 34.4
86400 593.3 0.48 0.94 0.015 0.03 0.16 0.04 0.03 0.25 0 0 0 27.5
86400 648.9 0.48 0.94 0.015 0.03 0.16 0.04 0.03 0.25 0 0 0 16.5
86400 704.4 0.48 0.94 0.015 0.03 0.16 0.04 0.03 0.25 0 0 0 7.0
600 204.4 0.68 0.87 0.024 0.029 0.26 0.01 0.03 0.24 0 0 0 61.5
600 260 0.68 0.87 0.024 0.029 0.26 0.01 0.03 0.24 0 0 0 58.5
600 315.6 0.68 0.87 0.024 0.029 0.26 0.01 0.03 0.24 0 0 0 55.0
600 371.1 0.68 0.87 0.024 0.029 0.26 0.01 0.03 0.24 0 0 0 52.0
600 426.7 0.68 0.87 0.024 0.029 0.26 0.01 0.03 0.24 0 0 0 49.0
600 482.2 0.68 0.87 0.024 0.029 0.26 0.01 0.03 0.24 0 0 0 44.9
600 537.8 0.68 0.87 0.024 0.029 0.26 0.01 0.03 0.24 0 0 0 41.6
600 593.3 0.68 0.87 0.024 0.029 0.26 0.01 0.03 0.24 0 0 0 37.5
600 648.9 0.68 0.87 0.024 0.029 0.26 0.01 0.03 0.24 0 0 0 33.5
600 704.4 0.68 0.87 0.024 0.029 0.26 0.01 0.03 0.24 0 0 0 28.0
3600 204.4 0.68 0.87 0.024 0.029 0.26 0.01 0.03 0.24 0 0 0 59.5
3600 260 0.68 0.87 0.024 0.029 0.26 0.01 0.03 0.24 0 0 0 57.0
3600 315.6 0.68 0.87 0.024 0.029 0.26 0.01 0.03 0.24 0 0 0 53.5
3600 371.1 0.68 0.87 0.024 0.029 0.26 0.01 0.03 0.24 0 0 0 50.5
3600 426.7 0.68 0.87 0.024 0.029 0.26 0.01 0.03 0.24 0 0 0 47.0
3600 482.2 0.68 0.87 0.024 0.029 0.26 0.01 0.03 0.24 0 0 0 43.5
3600 537.8 0.68 0.87 0.024 0.029 0.26 0.01 0.03 0.24 0 0 0 39.5
3600 593.3 0.68 0.87 0.024 0.029 0.26 0.01 0.03 0.24 0 0 0 35.2
3600 648.9 0.68 0.87 0.024 0.029 0.26 0.01 0.03 0.24 0 0 0 29.5
3600 704.4 0.68 0.87 0.024 0.029 0.26 0.01 0.03 0.24 0 0 0 21.2
14400 204.4 0.68 0.87 0.024 0.029 0.26 0.01 0.03 0.24 0 0 0 58.7
14400 260 0.68 0.87 0.024 0.029 0.26 0.01 0.03 0.24 0 0 0 56.0
14400 315.6 0.68 0.87 0.024 0.029 0.26 0.01 0.03 0.24 0 0 0 52.7
14400 371.1 0.68 0.87 0.024 0.029 0.26 0.01 0.03 0.24 0 0 0 49.5
14400 426.7 0.68 0.87 0.024 0.029 0.26 0.01 0.03 0.24 0 0 0 45.7
14400 482.2 0.68 0.87 0.024 0.029 0.26 0.01 0.03 0.24 0 0 0 42.0
14400 537.8 0.68 0.87 0.024 0.029 0.26 0.01 0.03 0.24 0 0 0 37.5
14400 593.3 0.68 0.87 0.024 0.029 0.26 0.01 0.03 0.24 0 0 0 32.5
14400 648.9 0.68 0.87 0.024 0.029 0.26 0.01 0.03 0.24 0 0 0 25.0
14400 704.4 0.68 0.87 0.024 0.029 0.26 0.01 0.03 0.24 0 0 0 17.0
86400 204.4 0.68 0.87 0.024 0.029 0.26 0.01 0.03 0.24 0 0 0 58.5
86400 260 0.68 0.87 0.024 0.029 0.26 0.01 0.03 0.24 0 0 0 55.5
86400 315.6 0.68 0.87 0.024 0.029 0.26 0.01 0.03 0.24 0 0 0 52.0
86400 371.1 0.68 0.87 0.024 0.029 0.26 0.01 0.03 0.24 0 0 0 47.5
86400 426.7 0.68 0.87 0.024 0.029 0.26 0.01 0.03 0.24 0 0 0 44.5
86400 482.2 0.68 0.87 0.024 0.029 0.26 0.01 0.03 0.24 0 0 0 40.5
86400 537.8 0.68 0.87 0.024 0.029 0.26 0.01 0.03 0.24 0 0 0 36.5
86400 593.3 0.68 0.87 0.024 0.029 0.26 0.01 0.03 0.24 0 0 0 27.7
86400 648.9 0.68 0.87 0.024 0.029 0.26 0.01 0.03 0.24 0 0 0 19.0
86400 704.4 0.68 0.87 0.024 0.029 0.26 0.01 0.03 0.24 0 0 0 12.0
10 100 0.41 0.88 0.016 0.018 0.23 0 1.02 0.22 0 0 0 59.5
10 150 0.41 0.88 0.016 0.018 0.23 0 1.02 0.22 0 0 0 60.3
10 200 0.41 0.88 0.016 0.018 0.23 0 1.02 0.22 0 0 0 58.5
10 250 0.41 0.88 0.016 0.018 0.23 0 1.02 0.22 0 0 0 56.7
10 300 0.41 0.88 0.016 0.018 0.23 0 1.02 0.22 0 0 0 56.2
10 400 0.41 0.88 0.016 0.018 0.23 0 1.02 0.22 0 0 0 55.5
10 500 0.41 0.88 0.016 0.018 0.23 0 1.02 0.22 0 0 0 49.6
10 600 0.41 0.88 0.016 0.018 0.23 0 1.02 0.22 0 0 0 45.9
10 700 0.41 0.88 0.016 0.018 0.23 0 1.02 0.22 0 0 0 43.2
40 426.7 0.37 0.77 0.019 0.026 0.15 0.04 0.98 0.21 0 0 0 47.7
40 537.8 0.37 0.77 0.019 0.026 0.15 0.04 0.98 0.21 0 0 0 42.7
40 593.3 0.37 0.77 0.019 0.026 0.15 0.04 0.98 0.21 0 0 0 39.4
40 648.9 0.37 0.77 0.019 0.026 0.15 0.04 0.98 0.21 0 0 0 35.0
90 100 0.41 0.88 0.016 0.018 0.23 0 1.02 0.22 0 0 0 58.8
90 150 0.41 0.88 0.016 0.018 0.23 0 1.02 0.22 0 0 0 58.6
90 200 0.41 0.88 0.016 0.018 0.23 0 1.02 0.22 0 0 0 58.2
90 250 0.41 0.88 0.016 0.018 0.23 0 1.02 0.22 0 0 0 57.2
90 400 0.41 0.88 0.016 0.018 0.23 0 1.02 0.22 0 0 0 54.6
120 426.7 0.37 0.77 0.019 0.026 0.15 0.04 0.98 0.21 0 0 0 46.9
120 537.8 0.37 0.77 0.019 0.026 0.15 0.04 0.98 0.21 0 0 0 41.4
120 593.3 0.37 0.77 0.019 0.026 0.15 0.04 0.98 0.21 0 0 0 38.0
120 648.9 0.37 0.77 0.019 0.026 0.15 0.04 0.98 0.21 0 0 0 34.1
300 426.7 0.37 0.77 0.019 0.026 0.15 0.04 0.98 0.21 0 0 0 46.3
300 537.8 0.37 0.77 0.019 0.026 0.15 0.04 0.98 0.21 0 0 0 40.3
300 593.3 0.37 0.77 0.019 0.026 0.15 0.04 0.98 0.21 0 0 0 36.3
300 648.9 0.37 0.77 0.019 0.026 0.15 0.04 0.98 0.21 0 0 0 33.8
900 100 0.41 0.88 0.016 0.018 0.23 0 1.02 0.22 0 0 0 59.2
900 150 0.41 0.88 0.016 0.018 0.23 0 1.02 0.22 0 0 0 56.3
900 200 0.41 0.88 0.016 0.018 0.23 0 1.02 0.22 0 0 0 58.0
900 250 0.41 0.88 0.016 0.018 0.23 0 1.02 0.22 0 0 0 54.0
900 300 0.41 0.88 0.016 0.018 0.23 0 1.02 0.22 0 0 0 50.5
900 400 0.41 0.88 0.016 0.018 0.23 0 1.02 0.22 0 0 0 50.3
900 426.7 0.37 0.77 0.019 0.026 0.15 0.04 0.98 0.21 0 0 0 45.3
900 537.8 0.37 0.77 0.019 0.026 0.15 0.04 0.98 0.21 0 0 0 39.3
900 593.3 0.37 0.77 0.019 0.026 0.15 0.04 0.98 0.21 0 0 0 34.6
900 648.9 0.37 0.77 0.019 0.026 0.15 0.04 0.98 0.21 0 0 0 31.6
3600 204.4 0.37 0.77 0.019 0.026 0.15 0.04 0.98 0.21 0 0 0 54.4
3600 250 0.41 0.88 0.016 0.018 0.23 0 1.02 0.22 0 0 0 50.9
3600 260 0.37 0.77 0.019 0.026 0.15 0.04 0.98 0.21 0 0 0 51.1
3600 300 0.41 0.88 0.016 0.018 0.23 0 1.02 0.22 0 0 0 49.2
3600 315.6 0.37 0.77 0.019 0.026 0.15 0.04 0.98 0.21 0 0 0 48.7
3600 371.1 0.37 0.77 0.019 0.026 0.15 0.04 0.98 0.21 0 0 0 48.0
3600 400 0.41 0.88 0.016 0.018 0.23 0 1.02 0.22 0 0 0 43.6
3600 426.7 0.37 0.77 0.019 0.026 0.15 0.04 0.98 0.21 0 0 0 45.0
3600 482.2 0.37 0.77 0.019 0.026 0.15 0.04 0.98 0.21 0 0 0 41.1
3600 500 0.41 0.88 0.016 0.018 0.23 0 1.02 0.22 0 0 0 38.3
3600 537.8 0.37 0.77 0.019 0.026 0.15 0.04 0.98 0.21 0 0 0 38.2
3600 593.3 0.37 0.77 0.019 0.026 0.15 0.04 0.98 0.21 0 0 0 35.4
3600 600 0.41 0.88 0.016 0.018 0.23 0 1.02 0.22 0 0 0 33.3
3600 648.9 0.37 0.77 0.019 0.026 0.15 0.04 0.98 0.21 0 0 0 31.2
3600 700 0.41 0.88 0.016 0.018 0.23 0 1.02 0.22 0 0 0 20.9
7200 204.4 0.37 0.77 0.019 0.026 0.15 0.04 0.98 0.21 0 0 0 54.2
7200 315.6 0.37 0.77 0.019 0.026 0.15 0.04 0.98 0.21 0 0 0 48.3
7200 426.7 0.37 0.77 0.019 0.026 0.15 0.04 0.98 0.21 0 0 0 44.0
7200 537.8 0.37 0.77 0.019 0.026 0.15 0.04 0.98 0.21 0 0 0 36.3
7200 648.9 0.37 0.77 0.019 0.026 0.15 0.04 0.98 0.21 0 0 0 27.8
9000 100 0.41 0.88 0.016 0.018 0.23 0 1.02 0.22 0 0 0 58.5
9000 150 0.41 0.88 0.016 0.018 0.23 0 1.02 0.22 0 0 0 52.7
9000 200 0.41 0.88 0.016 0.018 0.23 0 1.02 0.22 0 0 0 52.2
9000 250 0.41 0.88 0.016 0.018 0.23 0 1.02 0.22 0 0 0 50.0
9000 300 0.41 0.88 0.016 0.018 0.23 0 1.02 0.22 0 0 0 48.1
9000 400 0.41 0.88 0.016 0.018 0.23 0 1.02 0.22 0 0 0 43.1
9000 500 0.41 0.88 0.016 0.018 0.23 0 1.02 0.22 0 0 0 37.1
9000 600 0.41 0.88 0.016 0.018 0.23 0 1.02 0.22 0 0 0 29.9
9000 700 0.41 0.88 0.016 0.018 0.23 0 1.02 0.22 0 0 0 19.4
14400 204.4 0.37 0.77 0.019 0.026 0.15 0.04 0.98 0.21 0 0 0 53.4
14400 315.6 0.37 0.77 0.019 0.026 0.15 0.04 0.98 0.21 0 0 0 48.9
14400 426.7 0.37 0.77 0.019 0.026 0.15 0.04 0.98 0.21 0 0 0 43.8
14400 537.8 0.37 0.77 0.019 0.026 0.15 0.04 0.98 0.21 0 0 0 36.0
14400 648.9 0.37 0.77 0.019 0.026 0.15 0.04 0.98 0.21 0 0 0 26.2
28800 204.4 0.37 0.77 0.019 0.026 0.15 0.04 0.98 0.21 0 0 0 52.9
28800 315.6 0.37 0.77 0.019 0.026 0.15 0.04 0.98 0.21 0 0 0 49.2
28800 426.7 0.37 0.77 0.019 0.026 0.15 0.04 0.98 0.21 0 0 0 43.5
28800 537.8 0.37 0.77 0.019 0.026 0.15 0.04 0.98 0.21 0 0 0 35.2
28800 648.9 0.37 0.77 0.019 0.026 0.15 0.04 0.98 0.21 0 0 0 24.7
57600 204.4 0.37 0.77 0.019 0.026 0.15 0.04 0.98 0.21 0 0 0 53.0
57600 315.6 0.37 0.77 0.019 0.026 0.15 0.04 0.98 0.21 0 0 0 49.5
57600 426.7 0.37 0.77 0.019 0.026 0.15 0.04 0.98 0.21 0 0 0 42.7
57600 537.8 0.37 0.77 0.019 0.026 0.15 0.04 0.98 0.21 0 0 0 34.7
57600 648.9 0.37 0.77 0.019 0.026 0.15 0.04 0.98 0.21 0 0 0 23.3
86400 100 0.41 0.88 0.016 0.018 0.23 0 1.02 0.22 0 0 0 58.5
86400 150 0.41 0.88 0.016 0.018 0.23 0 1.02 0.22 0 0 0 51.4
86400 200 0.41 0.88 0.016 0.018 0.23 0 1.02 0.22 0 0 0 50.4
86400 250 0.41 0.88 0.016 0.018 0.23 0 1.02 0.22 0 0 0 49.7
86400 300 0.41 0.88 0.016 0.018 0.23 0 1.02 0.22 0 0 0 44.6
86400 400 0.41 0.88 0.016 0.018 0.23 0 1.02 0.22 0 0 0 40.9
86400 600 0.41 0.88 0.016 0.018 0.23 0 1.02 0.22 0 0 0 28.1
86400 700 0.41 0.88 0.016 0.018 0.23 0 1.02 0.22 0 0 0 15.9
115200 204.4 0.37 0.77 0.019 0.026 0.15 0.04 0.98 0.21 0 0 0 52.6
115200 315.6 0.37 0.77 0.019 0.026 0.15 0.04 0.98 0.21 0 0 0 49.1
115200 426.7 0.37 0.77 0.019 0.026 0.15 0.04 0.98 0.21 0 0 0 42.7
115200 537.8 0.37 0.77 0.019 0.026 0.15 0.04 0.98 0.21 0 0 0 34.1
115200 648.9 0.37 0.77 0.019 0.026 0.15 0.04 0.98 0.21 0 0 0 21.2
10 100 0.39 0.75 0.019 0.016 0.26 1.74 0.79 0.26 0 0 0 56.9
10 150 0.39 0.75 0.019 0.016 0.26 1.74 0.79 0.26 0 0 0 55.4
10 200 0.39 0.75 0.019 0.016 0.26 1.74 0.79 0.26 0 0 0 55.8
10 250 0.39 0.75 0.019 0.016 0.26 1.74 0.79 0.26 0 0 0 54.9
10 300 0.39 0.75 0.019 0.016 0.26 1.74 0.79 0.26 0 0 0 53.9
10 400 0.39 0.75 0.019 0.016 0.26 1.74 0.79 0.26 0 0 0 54.4
10 500 0.39 0.75 0.019 0.016 0.26 1.74 0.79 0.26 0 0 0 45.2
10 600 0.39 0.75 0.019 0.016 0.26 1.74 0.79 0.26 0 0 0 44.1
10 700 0.39 0.75 0.019 0.016 0.26 1.74 0.79 0.26 0 0 0 35.1
40 426.7 0.42 0.78 0.018 0.027 0.24 1.79 0.8 0.33 0 0 0 49.0
40 537.8 0.42 0.78 0.018 0.027 0.24 1.79 0.8 0.33 0 0 0 44.0
40 593.3 0.42 0.78 0.018 0.027 0.24 1.79 0.8 0.33 0 0 0 40.9
40 648.9 0.42 0.78 0.018 0.027 0.24 1.79 0.8 0.33 0 0 0 38.6
90 100 0.39 0.75 0.019 0.016 0.26 1.74 0.79 0.26 0 0 0 55.9
90 150 0.39 0.75 0.019 0.016 0.26 1.74 0.79 0.26 0 0 0 55.2
90 200 0.39 0.75 0.019 0.016 0.26 1.74 0.79 0.26 0 0 0 55.4
90 250 0.39 0.75 0.019 0.016 0.26 1.74 0.79 0.26 0 0 0 54.5
90 300 0.39 0.75 0.019 0.016 0.26 1.74 0.79 0.26 0 0 0 50.0
90 400 0.39 0.75 0.019 0.016 0.26 1.74 0.79 0.26 0 0 0 48.0
90 500 0.39 0.75 0.019 0.016 0.26 1.74 0.79 0.26 0 0 0 45.0
90 600 0.39 0.75 0.019 0.016 0.26 1.74 0.79 0.26 0 0 0 37.7
90 700 0.39 0.75 0.019 0.016 0.26 1.74 0.79 0.26 0 0 0 33.6
120 426.7 0.42 0.78 0.018 0.027 0.24 1.79 0.8 0.33 0 0 0 47.6
120 537.8 0.42 0.78 0.018 0.027 0.24 1.79 0.8 0.33 0 0 0 43.9
120 593.3 0.42 0.78 0.018 0.027 0.24 1.79 0.8 0.33 0 0 0 42.1
120 648.9 0.42 0.78 0.018 0.027 0.24 1.79 0.8 0.33 0 0 0 37.4
300 426.7 0.42 0.78 0.018 0.027 0.24 1.79 0.8 0.33 0 0 0 46.9
300 537.8 0.42 0.78 0.018 0.027 0.24 1.79 0.8 0.33 0 0 0 43.6
300 593.3 0.42 0.78 0.018 0.027 0.24 1.79 0.8 0.33 0 0 0 40.0
300 648.9 0.42 0.78 0.018 0.027 0.24 1.79 0.8 0.33 0 0 0 35.6
900 100 0.39 0.75 0.019 0.016 0.26 1.74 0.79 0.26 0 0 0 55.4
900 150 0.39 0.75 0.019 0.016 0.26 1.74 0.79 0.26 0 0 0 56.1
900 200 0.39 0.75 0.019 0.016 0.26 1.74 0.79 0.26 0 0 0 55.2
900 250 0.39 0.75 0.019 0.016 0.26 1.74 0.79 0.26 0 0 0 52.8
900 300 0.39 0.75 0.019 0.016 0.26 1.74 0.79 0.26 0 0 0 49.8
900 400 0.39 0.75 0.019 0.016 0.26 1.74 0.79 0.26 0 0 0 46.0
900 426.7 0.42 0.78 0.018 0.027 0.24 1.79 0.8 0.33 0 0 0 45.3
900 500 0.39 0.75 0.019 0.016 0.26 1.74 0.79 0.26 0 0 0 38.1
900 537.8 0.42 0.78 0.018 0.027 0.24 1.79 0.8 0.33 0 0 0 41.3
900 593.3 0.42 0.78 0.018 0.027 0.24 1.79 0.8 0.33 0 0 0 39.7
900 600 0.39 0.75 0.019 0.016 0.26 1.74 0.79 0.26 0 0 0 33.6
900 648.9 0.42 0.78 0.018 0.027 0.24 1.79 0.8 0.33 0 0 0 34.5
900 700 0.39 0.75 0.019 0.016 0.26 1.74 0.79 0.26 0 0 0 33.2
3600 204.4 0.42 0.78 0.018 0.027 0.24 1.79 0.8 0.33 0 0 0 54.9
3600 250 0.39 0.75 0.019 0.016 0.26 1.74 0.79 0.26 0 0 0 50.5
3600 260 0.42 0.78 0.018 0.027 0.24 1.79 0.8 0.33 0 0 0 52.0
3600 300 0.39 0.75 0.019 0.016 0.26 1.74 0.79 0.26 0 0 0 48.1
3600 315.6 0.42 0.78 0.018 0.027 0.24 1.79 0.8 0.33 0 0 0 49.4
3600 371.1 0.42 0.78 0.018 0.027 0.24 1.79 0.8 0.33 0 0 0 48.7
3600 400 0.39 0.75 0.019 0.016 0.26 1.74 0.79 0.26 0 0 0 43.8
3600 426.7 0.42 0.78 0.018 0.027 0.24 1.79 0.8 0.33 0 0 0 45.7
3600 482.2 0.42 0.78 0.018 0.027 0.24 1.79 0.8 0.33 0 0 0 42.9
3600 500 0.39 0.75 0.019 0.016 0.26 1.74 0.79 0.26 0 0 0 37.5
3600 537.8 0.42 0.78 0.018 0.027 0.24 1.79 0.8 0.33 0 0 0 39.8
3600 593.3 0.42 0.78 0.018 0.027 0.24 1.79 0.8 0.33 0 0 0 37.4
3600 600 0.39 0.75 0.019 0.016 0.26 1.74 0.79 0.26 0 0 0 31.9
3600 648.9 0.42 0.78 0.018 0.027 0.24 1.79 0.8 0.33 0 0 0 32.6
3600 700 0.39 0.75 0.019 0.016 0.26 1.74 0.79 0.26 0 0 0 20.3
7200 204.4 0.42 0.78 0.018 0.027 0.24 1.79 0.8 0.33 0 0 0 54.5
7200 315.6 0.42 0.78 0.018 0.027 0.24 1.79 0.8 0.33 0 0 0 49.7
7200 426.7 0.42 0.78 0.018 0.027 0.24 1.79 0.8 0.33 0 0 0 45.0
7200 537.8 0.42 0.78 0.018 0.027 0.24 1.79 0.8 0.33 0 0 0 39.2
7200 648.9 0.42 0.78 0.018 0.027 0.24 1.79 0.8 0.33 0 0 0 25.3
9000 100 0.39 0.75 0.019 0.016 0.26 1.74 0.79 0.26 0 0 0 55.3
9000 150 0.39 0.75 0.019 0.016 0.26 1.74 0.79 0.26 0 0 0 52.1
9000 200 0.39 0.75 0.019 0.016 0.26 1.74 0.79 0.26 0 0 0 50.5
9000 250 0.39 0.75 0.019 0.016 0.26 1.74 0.79 0.26 0 0 0 47.5
9000 300 0.39 0.75 0.019 0.016 0.26 1.74 0.79 0.26 0 0 0 45.6
9000 400 0.39 0.75 0.019 0.016 0.26 1.74 0.79 0.26 0 0 0 41.2
9000 500 0.39 0.75 0.019 0.016 0.26 1.74 0.79 0.26 0 0 0 35.8
9000 600 0.39 0.75 0.019 0.016 0.26 1.74 0.79 0.26 0 0 0 23.2
9000 700 0.39 0.75 0.019 0.016 0.26 1.74 0.79 0.26 0 0 0 15.9
14400 204.4 0.42 0.78 0.018 0.027 0.24 1.79 0.8 0.33 0 0 0 53.9
14400 315.6 0.42 0.78 0.018 0.027 0.24 1.79 0.8 0.33 0 0 0 49.3
14400 426.7 0.42 0.78 0.018 0.027 0.24 1.79 0.8 0.33 0 0 0 44.6
14400 537.8 0.42 0.78 0.018 0.027 0.24 1.79 0.8 0.33 0 0 0 38.5
14400 648.9 0.42 0.78 0.018 0.027 0.24 1.79 0.8 0.33 0 0 0 23.6
28800 204.4 0.42 0.78 0.018 0.027 0.24 1.79 0.8 0.33 0 0 0 53.7
28800 315.6 0.42 0.78 0.018 0.027 0.24 1.79 0.8 0.33 0 0 0 49.6
28800 426.7 0.42 0.78 0.018 0.027 0.24 1.79 0.8 0.33 0 0 0 44.3
28800 537.8 0.42 0.78 0.018 0.027 0.24 1.79 0.8 0.33 0 0 0 38.5
28800 648.9 0.42 0.78 0.018 0.027 0.24 1.79 0.8 0.33 0 0 0 21.9
57600 204.4 0.42 0.78 0.018 0.027 0.24 1.79 0.8 0.33 0 0 0 53.3
57600 315.6 0.42 0.78 0.018 0.027 0.24 1.79 0.8 0.33 0 0 0 49.5
57600 426.7 0.42 0.78 0.018 0.027 0.24 1.79 0.8 0.33 0 0 0 44.1
57600 537.8 0.42 0.78 0.018 0.027 0.24 1.79 0.8 0.33 0 0 0 37.9
57600 648.9 0.42 0.78 0.018 0.027 0.24 1.79 0.8 0.33 0 0 0 19.4
86400 100 0.39 0.75 0.019 0.016 0.26 1.74 0.79 0.26 0 0 0 54.9
86400 150 0.39 0.75 0.019 0.016 0.26 1.74 0.79 0.26 0 0 0 51.0
86400 200 0.39 0.75 0.019 0.016 0.26 1.74 0.79 0.26 0 0 0 46.5
86400 250 0.39 0.75 0.019 0.016 0.26 1.74 0.79 0.26 0 0 0 45.0
86400 300 0.39 0.75 0.019 0.016 0.26 1.74 0.79 0.26 0 0 0 44.2
86400 400 0.39 0.75 0.019 0.016 0.26 1.74 0.79 0.26 0 0 0 37.1
86400 500 0.39 0.75 0.019 0.016 0.26 1.74 0.79 0.26 0 0 0 34.8
86400 600 0.39 0.75 0.019 0.016 0.26 1.74 0.79 0.26 0 0 0 21.3
86400 700 0.39 0.75 0.019 0.016 0.26 1.74 0.79 0.26 0 0 0 13.5
115200 204.4 0.42 0.78 0.018 0.027 0.24 1.79 0.8 0.33 0 0 0 53.2
115200 315.6 0.42 0.78 0.018 0.027 0.24 1.79 0.8 0.33 0 0 0 49.3
115200 426.7 0.42 0.78 0.018 0.027 0.24 1.79 0.8 0.33 0 0 0 44.4
115200 537.8 0.42 0.78 0.018 0.027 0.24 1.79 0.8 0.33 0 0 0 36.7
115200 648.9 0.42 0.78 0.018 0.027 0.24 1.79 0.8 0.33 0 0 0 17.7
40 426.7 0.36  0.63 0.018 0.021 0.19 1.84 0.06 0.23 0 0 0 45.2
40 537.8 0.36  0.63 0.018 0.021 0.19 1.84 0.06 0.23 0 0 0 39.2
40 593.3 0.36  0.63 0.018 0.021 0.19 1.84 0.06 0.23 0 0 0 36.7
40 648.9 0.36  0.63 0.018 0.021 0.19 1.84 0.06 0.23 0 0 0 33.5
120 426.7 0.36  0.63 0.018 0.021 0.19 1.84 0.06 0.23 0 0 0 43.3
120 537.8 0.36  0.63 0.018 0.021 0.19 1.84 0.06 0.23 0 0 0 39.0
120 593.3 0.36  0.63 0.018 0.021 0.19 1.84 0.06 0.23 0 0 0 35.8
120 648.9 0.36  0.63 0.018 0.021 0.19 1.84 0.06 0.23 0 0 0 32.9
300 426.7 0.36  0.63 0.018 0.021 0.19 1.84 0.06 0.23 0 0 0 42.5
300 537.8 0.36  0.63 0.018 0.021 0.19 1.84 0.06 0.23 0 0 0 38.5
300 593.3 0.36  0.63 0.018 0.021 0.19 1.84 0.06 0.23 0 0 0 34.2
300 648.9 0.36  0.63 0.018 0.021 0.19 1.84 0.06 0.23 0 0 0 30.7
900 426.7 0.36  0.63 0.018 0.021 0.19 1.84 0.06 0.23 0 0 0 42.3
900 537.8 0.36  0.63 0.018 0.021 0.19 1.84 0.06 0.23 0 0 0 37.1
900 593.3 0.36  0.63 0.018 0.021 0.19 1.84 0.06 0.23 0 0 0 33.9
900 648.9 0.36  0.63 0.018 0.021 0.19 1.84 0.06 0.23 0 0 0 28.8
3600 204.4 0.36  0.63 0.018 0.021 0.19 1.84 0.06 0.23 0 0 0 52.1
3600 260 0.36  0.63 0.018 0.021 0.19 1.84 0.06 0.23 0 0 0 49.9
3600 315.6 0.36  0.63 0.018 0.021 0.19 1.84 0.06 0.23 0 0 0 47.2
3600 371.1 0.36  0.63 0.018 0.021 0.19 1.84 0.06 0.23 0 0 0 44.3
3600 426.7 0.36  0.63 0.018 0.021 0.19 1.84 0.06 0.23 0 0 0 40.7
3600 482.2 0.36  0.63 0.018 0.021 0.19 1.84 0.06 0.23 0 0 0 37.4
3600 537.8 0.36  0.63 0.018 0.021 0.19 1.84 0.06 0.23 0 0 0 33.6
3600 593.3 0.36  0.63 0.018 0.021 0.19 1.84 0.06 0.23 0 0 0 31.2
3600 648.9 0.36  0.63 0.018 0.021 0.19 1.84 0.06 0.23 0 0 0 24.9
7200 204.4 0.36  0.63 0.018 0.021 0.19 1.84 0.06 0.23 0 0 0 51.8
7200 315.6 0.36  0.63 0.018 0.021 0.19 1.84 0.06 0.23 0 0 0 46.5
7200 426.7 0.36  0.63 0.018 0.021 0.19 1.84 0.06 0.23 0 0 0 39.7
7200 537.8 0.36  0.63 0.018 0.021 0.19 1.84 0.06 0.23 0 0 0 33.0
7200 648.9 0.36  0.63 0.018 0.021 0.19 1.84 0.06 0.23 0 0 0 21.6
14400 204.4 0.36  0.63 0.018 0.021 0.19 1.84 0.06 0.23 0 0 0 51.4
14400 315.6 0.36  0.63 0.018 0.021 0.19 1.84 0.06 0.23 0 0 0 46.2
14400 426.7 0.36  0.63 0.018 0.021 0.19 1.84 0.06 0.23 0 0 0 39.5
14400 537.8 0.36  0.63 0.018 0.021 0.19 1.84 0.06 0.23 0 0 0 32.7
14400 648.9 0.36  0.63 0.018 0.021 0.19 1.84 0.06 0.23 0 0 0 20.9
28800 204.4 0.36  0.63 0.018 0.021 0.19 1.84 0.06 0.23 0 0 0 51.4
28800 315.6 0.36  0.63 0.018 0.021 0.19 1.84 0.06 0.23 0 0 0 45.7
28800 426.7 0.36  0.63 0.018 0.021 0.19 1.84 0.06 0.23 0 0 0 38.9
28800 537.8 0.36  0.63 0.018 0.021 0.19 1.84 0.06 0.23 0 0 0 32.2
28800 648.9 0.36  0.63 0.018 0.021 0.19 1.84 0.06 0.23 0 0 0 18.9
57600 204.4 0.36  0.63 0.018 0.021 0.19 1.84 0.06 0.23 0 0 0 51.1
57600 315.6 0.36  0.63 0.018 0.021 0.19 1.84 0.06 0.23 0 0 0 45.9
57600 426.7 0.36  0.63 0.018 0.021 0.19 1.84 0.06 0.23 0 0 0 38.7
57600 537.8 0.36  0.63 0.018 0.021 0.19 1.84 0.06 0.23 0 0 0 31.6
57600 648.9 0.36  0.63 0.018 0.021 0.19 1.84 0.06 0.23 0 0 0 17.1
115200 204.4 0.36  0.63 0.018 0.021 0.19 1.84 0.06 0.23 0 0 0 50.6
115200 315.6 0.36  0.63 0.018 0.021 0.19 1.84 0.06 0.23 0 0 0 45.4
115200 426.7 0.36  0.63 0.018 0.021 0.19 1.84 0.06 0.23 0 0 0 38.6
115200 537.8 0.36  0.63 0.018 0.021 0.19 1.84 0.06 0.23 0 0 0 30.9
115200 648.9 0.36  0.63 0.018 0.021 0.19 1.84 0.06 0.23 0 0 0 15.9
40 426.7 0.42 0.68 0.026 0.032 0.16 0.07 0.93 0 0 0 0 48.2
40 537.8 0.42 0.68 0.026 0.032 0.16 0.07 0.93 0 0 0 0 42.3
40 593.3 0.42 0.68 0.026 0.032 0.16 0.07 0.93 0 0 0 0 39.7
40 648.9 0.42 0.68 0.026 0.032 0.16 0.07 0.93 0 0 0 0 35.4
120 426.7 0.42 0.68 0.026 0.032 0.16 0.07 0.93 0 0 0 0 47.4
120 537.8 0.42 0.68 0.026 0.032 0.16 0.07 0.93 0 0 0 0 40.4
120 593.3 0.42 0.68 0.026 0.032 0.16 0.07 0.93 0 0 0 0 38.6
120 648.9 0.42 0.68 0.026 0.032 0.16 0.07 0.93 0 0 0 0 34.8
300 426.7 0.42 0.68 0.026 0.032 0.16 0.07 0.93 0 0 0 0 46.5
300 537.8 0.42 0.68 0.026 0.032 0.16 0.07 0.93 0 0 0 0 39.3
300 593.3 0.42 0.68 0.026 0.032 0.16 0.07 0.93 0 0 0 0 36.4
300 648.9 0.42 0.68 0.026 0.032 0.16 0.07 0.93 0 0 0 0 31.9
900 426.7 0.42 0.68 0.026 0.032 0.16 0.07 0.93 0 0 0 0 45.4
900 537.8 0.42 0.68 0.026 0.032 0.16 0.07 0.93 0 0 0 0 38.2
900 593.3 0.42 0.68 0.026 0.032 0.16 0.07 0.93 0 0 0 0 34.2
900 648.9 0.42 0.68 0.026 0.032 0.16 0.07 0.93 0 0 0 0 30.9
3600 204.4 0.42 0.68 0.026 0.032 0.16 0.07 0.93 0 0 0 0 55.1
3600 260 0.42 0.68 0.026 0.032 0.16 0.07 0.93 0 0 0 0 51.8
3600 315.6 0.42 0.68 0.026 0.032 0.16 0.07 0.93 0 0 0 0 49.6
3600 371.1 0.42 0.68 0.026 0.032 0.16 0.07 0.93 0 0 0 0 48.3
3600 426.7 0.42 0.68 0.026 0.032 0.16 0.07 0.93 0 0 0 0 44.1
3600 482.2 0.42 0.68 0.026 0.032 0.16 0.07 0.93 0 0 0 0 39.5
3600 537.8 0.42 0.68 0.026 0.032 0.16 0.07 0.93 0 0 0 0 35.1
3600 593.3 0.42 0.68 0.026 0.032 0.16 0.07 0.93 0 0 0 0 31.4
3600 648.9 0.42 0.68 0.026 0.032 0.16 0.07 0.93 0 0 0 0 27.7
7200 204.4 0.42 0.68 0.026 0.032 0.16 0.07 0.93 0 0 0 0 54.4
7200 315.6 0.42 0.68 0.026 0.032 0.16 0.07 0.93 0 0 0 0 49.6
7200 426.7 0.42 0.68 0.026 0.032 0.16 0.07 0.93 0 0 0 0 43.0
7200 537.8 0.42 0.68 0.026 0.032 0.16 0.07 0.93 0 0 0 0 33.2
7200 648.9 0.42 0.68 0.026 0.032 0.16 0.07 0.93 0 0 0 0 29.2
14400 204.4 0.42 0.68 0.026 0.032 0.16 0.07 0.93 0 0 0 0 53.8
14400 315.6 0.42 0.68 0.026 0.032 0.16 0.07 0.93 0 0 0 0 49.3
14400 426.7 0.42 0.68 0.026 0.032 0.16 0.07 0.93 0 0 0 0 42.4
14400 537.8 0.42 0.68 0.026 0.032 0.16 0.07 0.93 0 0 0 0 32.1
14400 648.9 0.42 0.68 0.026 0.032 0.16 0.07 0.93 0 0 0 0 28.4
28800 204.4 0.42 0.68 0.026 0.032 0.16 0.07 0.93 0 0 0 0 53.5
28800 315.6 0.42 0.68 0.026 0.032 0.16 0.07 0.93 0 0 0 0 49.2
28800 426.7 0.42 0.68 0.026 0.032 0.16 0.07 0.93 0 0 0 0 41.5
28800 537.8 0.42 0.68 0.026 0.032 0.16 0.07 0.93 0 0 0 0 31.6
28800 648.9 0.42 0.68 0.026 0.032 0.16 0.07 0.93 0 0 0 0 26.4
57600 204.4 0.42 0.68 0.026 0.032 0.16 0.07 0.93 0 0 0 0 53.4
57600 315.6 0.42 0.68 0.026 0.032 0.16 0.07 0.93 0 0 0 0 49.1
57600 426.7 0.42 0.68 0.026 0.032 0.16 0.07 0.93 0 0 0 0 41.1
57600 537.8 0.42 0.68 0.026 0.032 0.16 0.07 0.93 0 0 0 0 30.2
57600 648.9 0.42 0.68 0.026 0.032 0.16 0.07 0.93 0 0 0 0 24.2
115200 204.4 0.42 0.68 0.026 0.032 0.16 0.07 0.93 0 0 0 0 52.8
115200 315.6 0.42 0.68 0.026 0.032 0.16 0.07 0.93 0 0 0 0 49.0
115200 426.7 0.42 0.68 0.026 0.032 0.16 0.07 0.93 0 0 0 0 40.8
115200 537.8 0.42 0.68 0.026 0.032 0.16 0.07 0.93 0 0 0 0 29.2
115200 648.9 0.42 0.68 0.026 0.032 0.16 0.07 0.93 0 0 0 0 22.9
10 100 0.62 0.88 0.012 0.018 0.22 0 0.79 0 0 0 0 60.4
10 150 0.62 0.88 0.012 0.018 0.22 0 0.79 0 0 0 0 60.5
10 200 0.62 0.88 0.012 0.018 0.22 0 0.79 0 0 0 0 60.2
10 250 0.62 0.88 0.012 0.018 0.22 0 0.79 0 0 0 0 60.3
10 300 0.62 0.88 0.012 0.018 0.22 0 0.79 0 0 0 0 58.8
10 400 0.62 0.88 0.012 0.018 0.22 0 0.79 0 0 0 0 57.9
10 500 0.62 0.88 0.012 0.018 0.22 0 0.79 0 0 0 0 54.3
10 600 0.62 0.88 0.012 0.018 0.22 0 0.79 0 0 0 0 52.5
10 700 0.62 0.88 0.012 0.018 0.22 0 0.79 0 0 0 0 41.5
90 100 0.62 0.88 0.012 0.018 0.22 0 0.79 0 0 0 0 60.0
90 150 0.62 0.88 0.012 0.018 0.22 0 0.79 0 0 0 0 59.9
90 200 0.62 0.88 0.012 0.018 0.22 0 0.79 0 0 0 0 59.9
90 250 0.62 0.88 0.012 0.018 0.22 0 0.79 0 0 0 0 60.1
90 300 0.62 0.88 0.012 0.018 0.22 0 0.79 0 0 0 0 58.7
90 400 0.62 0.88 0.012 0.018 0.22 0 0.79 0 0 0 0 53.6
90 500 0.62 0.88 0.012 0.018 0.22 0 0.79 0 0 0 0 48.9
90 600 0.62 0.88 0.012 0.018 0.22 0 0.79 0 0 0 0 46.4
90 700 0.62 0.88 0.012 0.018 0.22 0 0.79 0 0 0 0 33.6
900 100 0.62 0.88 0.012 0.018 0.22 0 0.79 0 0 0 0 60.2
900 150 0.62 0.88 0.012 0.018 0.22 0 0.79 0 0 0 0 59.4
900 200 0.62 0.88 0.012 0.018 0.22 0 0.79 0 0 0 0 59.1
900 250 0.62 0.88 0.012 0.018 0.22 0 0.79 0 0 0 0 57.5
900 300 0.62 0.88 0.012 0.018 0.22 0 0.79 0 0 0 0 53.2
900 400 0.62 0.88 0.012 0.018 0.22 0 0.79 0 0 0 0 45.6
900 500 0.62 0.88 0.012 0.018 0.22 0 0.79 0 0 0 0 40.6
900 600 0.62 0.88 0.012 0.018 0.22 0 0.79 0 0 0 0 42.0
900 700 0.62 0.88 0.012 0.018 0.22 0 0.79 0 0 0 0 26.7
3600 250 0.62 0.88 0.012 0.018 0.22 0 0.79 0 0 0 0 52.2
3600 300 0.62 0.88 0.012 0.018 0.22 0 0.79 0 0 0 0 50.0
3600 400 0.62 0.88 0.012 0.018 0.22 0 0.79 0 0 0 0 43.7
3600 500 0.62 0.88 0.012 0.018 0.22 0 0.79 0 0 0 0 35.3
3600 600 0.62 0.88 0.012 0.018 0.22 0 0.79 0 0 0 0 27.7
3600 700 0.62 0.88 0.012 0.018 0.22 0 0.79 0 0 0 0 19.4
9000 100 0.62 0.88 0.012 0.018 0.22 0 0.79 0 0 0 0 59.1
9000 150 0.62 0.88 0.012 0.018 0.22 0 0.79 0 0 0 0 58.4
9000 200 0.62 0.88 0.012 0.018 0.22 0 0.79 0 0 0 0 55.2
9000 250 0.62 0.88 0.012 0.018 0.22 0 0.79 0 0 0 0 51.9
9000 300 0.62 0.88 0.012 0.018 0.22 0 0.79 0 0 0 0 44.1
9000 400 0.62 0.88 0.012 0.018 0.22 0 0.79 0 0 0 0 39.9
9000 500 0.62 0.88 0.012 0.018 0.22 0 0.79 0 0 0 0 33.8
9000 600 0.62 0.88 0.012 0.018 0.22 0 0.79 0 0 0 0 23.9
9000 700 0.62 0.88 0.012 0.018 0.22 0 0.79 0 0 0 0 18.3
86400 100 0.62 0.88 0.012 0.018 0.22 0 0.79 0 0 0 0 58.0
86400 150 0.62 0.88 0.012 0.018 0.22 0 0.79 0 0 0 0 56.4
86400 200 0.62 0.88 0.012 0.018 0.22 0 0.79 0 0 0 0 51.7
86400 250 0.62 0.88 0.012 0.018 0.22 0 0.79 0 0 0 0 46.0
86400 300 0.62 0.88 0.012 0.018 0.22 0 0.79 0 0 0 0 43.6
86400 400 0.62 0.88 0.012 0.018 0.22 0 0.79 0 0 0 0 39.6
86400 500 0.62 0.88 0.012 0.018 0.22 0 0.79 0 0 0 0 25.0
86400 600 0.62 0.88 0.012 0.018 0.22 0 0.79 0 0 0 0 20.9
86400 700 0.62 0.88 0.012 0.018 0.22 0 0.79 0 0 0 0 8.6
40 426.7 0.43 0.74 0.019 0.024 0.23 0.06 0.92 0 0.16 0 0 49.1
40 537.8 0.43 0.74 0.019 0.024 0.23 0.06 0.92 0 0.16 0 0 41.7
40 593.3 0.43 0.74 0.019 0.024 0.23 0.06 0.92 0 0.16 0 0 40.1
40 648.9 0.43 0.74 0.019 0.024 0.23 0.06 0.92 0 0.16 0 0 39.0
120 426.7 0.43 0.74 0.019 0.024 0.23 0.06 0.92 0 0.16 0 0 48.2
120 537.8 0.43 0.74 0.019 0.024 0.23 0.06 0.92 0 0.16 0 0 40.8
120 593.3 0.43 0.74 0.019 0.024 0.23 0.06 0.92 0 0.16 0 0 38.9
120 648.9 0.43 0.74 0.019 0.024 0.23 0.06 0.92 0 0.16 0 0 38.2
300 426.7 0.43 0.74 0.019 0.024 0.23 0.06 0.92 0 0.16 0 0 47.6
300 537.8 0.43 0.74 0.019 0.024 0.23 0.06 0.92 0 0.16 0 0 40.2
300 593.3 0.43 0.74 0.019 0.024 0.23 0.06 0.92 0 0.16 0 0 38.2
300 648.9 0.43 0.74 0.019 0.024 0.23 0.06 0.92 0 0.16 0 0 37.0
900 426.7 0.43 0.74 0.019 0.024 0.23 0.06 0.92 0 0.16 0 0 46.1
900 537.8 0.43 0.74 0.019 0.024 0.23 0.06 0.92 0 0.16 0 0 39.1
900 593.3 0.43 0.74 0.019 0.024 0.23 0.06 0.92 0 0.16 0 0 36.2
900 648.9 0.43 0.74 0.019 0.024 0.23 0.06 0.92 0 0.16 0 0 35.8
3600 204.4 0.43 0.74 0.019 0.024 0.23 0.06 0.92 0 0.16 0 0 54.9
3600 260 0.43 0.74 0.019 0.024 0.23 0.06 0.92 0 0.16 0 0 51.9
3600 315.6 0.43 0.74 0.019 0.024 0.23 0.06 0.92 0 0.16 0 0 50.2
3600 371.1 0.43 0.74 0.019 0.024 0.23 0.06 0.92 0 0.16 0 0 48.5
3600 426.7 0.43 0.74 0.019 0.024 0.23 0.06 0.92 0 0.16 0 0 45.2
3600 482.2 0.43 0.74 0.019 0.024 0.23 0.06 0.92 0 0.16 0 0 41.1
3600 537.8 0.43 0.74 0.019 0.024 0.23 0.06 0.92 0 0.16 0 0 38.2
3600 593.3 0.43 0.74 0.019 0.024 0.23 0.06 0.92 0 0.16 0 0 36.2
3600 648.9 0.43 0.74 0.019 0.024 0.23 0.06 0.92 0 0.16 0 0 30.3
7200 204.4 0.43 0.74 0.019 0.024 0.23 0.06 0.92 0 0.16 0 0 54.3
7200 315.6 0.43 0.74 0.019 0.024 0.23 0.06 0.92 0 0.16 0 0 50.0
7200 426.7 0.43 0.74 0.019 0.024 0.23 0.06 0.92 0 0.16 0 0 44.0
7200 537.8 0.43 0.74 0.019 0.024 0.23 0.06 0.92 0 0.16 0 0 36.9
7200 648.9 0.43 0.74 0.019 0.024 0.23 0.06 0.92 0 0.16 0 0 27.0
14400 204.4 0.43 0.74 0.019 0.024 0.23 0.06 0.92 0 0.16 0 0 53.5
14400 315.6 0.43 0.74 0.019 0.024 0.23 0.06 0.92 0 0.16 0 0 49.8
14400 426.7 0.43 0.74 0.019 0.024 0.23 0.06 0.92 0 0.16 0 0 43.6
14400 537.8 0.43 0.74 0.019 0.024 0.23 0.06 0.92 0 0.16 0 0 35.9
14400 648.9 0.43 0.74 0.019 0.024 0.23 0.06 0.92 0 0.16 0 0 25.5
28800 204.4 0.43 0.74 0.019 0.024 0.23 0.06 0.92 0 0.16 0 0 53.4
28800 315.6 0.43 0.74 0.019 0.024 0.23 0.06 0.92 0 0.16 0 0 49.5
28800 426.7 0.43 0.74 0.019 0.024 0.23 0.06 0.92 0 0.16 0 0 42.8
28800 537.8 0.43 0.74 0.019 0.024 0.23 0.06 0.92 0 0.16 0 0 36.0
28800 648.9 0.43 0.74 0.019 0.024 0.23 0.06 0.92 0 0.16 0 0 23.8
57600 204.4 0.43 0.74 0.019 0.024 0.23 0.06 0.92 0 0.16 0 0 53.4
57600 315.6 0.43 0.74 0.019 0.024 0.23 0.06 0.92 0 0.16 0 0 49.7
57600 426.7 0.43 0.74 0.019 0.024 0.23 0.06 0.92 0 0.16 0 0 42.9
57600 537.8 0.43 0.74 0.019 0.024 0.23 0.06 0.92 0 0.16 0 0 35.6
57600 648.9 0.43 0.74 0.019 0.024 0.23 0.06 0.92 0 0.16 0 0 21.2
115200 204.4 0.43 0.74 0.019 0.024 0.23 0.06 0.92 0 0.16 0 0 52.9
115200 315.6 0.43 0.74 0.019 0.024 0.23 0.06 0.92 0 0.16 0 0 49.3
115200 426.7 0.43 0.74 0.019 0.024 0.23 0.06 0.92 0 0.16 0 0 42.5
115200 537.8 0.43 0.74 0.019 0.024 0.23 0.06 0.92 0 0.16 0 0 35.1
115200 648.9 0.43 0.74 0.019 0.024 0.23 0.06 0.92 0 0.16 0 0 19.6
10 100 0.51 0.81 0.021 0.014 0.28 0 0.98 0 0 0 0 63.8
10 150 0.51 0.81 0.021 0.014 0.28 0 0.98 0 0 0 0 63.3
10 200 0.51 0.81 0.021 0.014 0.28 0 0.98 0 0 0 0 62.1
10 250 0.51 0.81 0.021 0.014 0.28 0 0.98 0 0 0 0 63.1
10 300 0.51 0.81 0.021 0.014 0.28 0 0.98 0 0 0 0 60.4
10 400 0.51 0.81 0.021 0.014 0.28 0 0.98 0 0 0 0 58.8
10 500 0.51 0.81 0.021 0.014 0.28 0 0.98 0 0 0 0 56.5
10 600 0.51 0.81 0.021 0.014 0.28 0 0.98 0 0 0 0 49.4
10 700 0.51 0.81 0.021 0.014 0.28 0 0.98 0 0 0 0 43.1
90 100 0.51 0.81 0.021 0.014 0.28 0 0.98 0 0 0 0 63.0
90 150 0.51 0.81 0.021 0.014 0.28 0 0.98 0 0 0 0 63.2
90 200 0.51 0.81 0.021 0.014 0.28 0 0.98 0 0 0 0 60.8
90 250 0.51 0.81 0.021 0.014 0.28 0 0.98 0 0 0 0 60.5
90 300 0.51 0.81 0.021 0.014 0.28 0 0.98 0 0 0 0 59.0
90 400 0.51 0.81 0.021 0.014 0.28 0 0.98 0 0 0 0 56.5
90 500 0.51 0.81 0.021 0.014 0.28 0 0.98 0 0 0 0 48.4
90 600 0.51 0.81 0.021 0.014 0.28 0 0.98 0 0 0 0 44.3
90 700 0.51 0.81 0.021 0.014 0.28 0 0.98 0 0 0 0 37.6
900 100 0.51 0.81 0.021 0.014 0.28 0 0.98 0 0 0 0 63.5
900 150 0.51 0.81 0.021 0.014 0.28 0 0.98 0 0 0 0 64.0
900 200 0.51 0.81 0.021 0.014 0.28 0 0.98 0 0 0 0 60.0
900 250 0.51 0.81 0.021 0.014 0.28 0 0.98 0 0 0 0 57.3
900 300 0.51 0.81 0.021 0.014 0.28 0 0.98 0 0 0 0 53.2
900 400 0.51 0.81 0.021 0.014 0.28 0 0.98 0 0 0 0 49.6
900 500 0.51 0.81 0.021 0.014 0.28 0 0.98 0 0 0 0 44.2
900 600 0.51 0.81 0.021 0.014 0.28 0 0.98 0 0 0 0 37.7
900 700 0.51 0.81 0.021 0.014 0.28 0 0.98 0 0 0 0 36.0
3600 250 0.51 0.81 0.021 0.014 0.28 0 0.98 0 0 0 0 53.3
3600 300 0.51 0.81 0.021 0.014 0.28 0 0.98 0 0 0 0 50.5
3600 400 0.51 0.81 0.021 0.014 0.28 0 0.98 0 0 0 0 47.2
3600 500 0.51 0.81 0.021 0.014 0.28 0 0.98 0 0 0 0 40.0
3600 600 0.51 0.81 0.021 0.014 0.28 0 0.98 0 0 0 0 33.2
3600 700 0.51 0.81 0.021 0.014 0.28 0 0.98 0 0 0 0 22.3
9000 100 0.51 0.81 0.021 0.014 0.28 0 0.98 0 0 0 0 62.7
9000 150 0.51 0.81 0.021 0.014 0.28 0 0.98 0 0 0 0 57.4
9000 200 0.51 0.81 0.021 0.014 0.28 0 0.98 0 0 0 0 56.5
9000 250 0.51 0.81 0.021 0.014 0.28 0 0.98 0 0 0 0 51.6
9000 300 0.51 0.81 0.021 0.014 0.28 0 0.98 0 0 0 0 49.4
9000 400 0.51 0.81 0.021 0.014 0.28 0 0.98 0 0 0 0 44.1
9000 500 0.51 0.81 0.021 0.014 0.28 0 0.98 0 0 0 0 38.0
9000 600 0.51 0.81 0.021 0.014 0.28 0 0.98 0 0 0 0 31.3
9000 700 0.51 0.81 0.021 0.014 0.28 0 0.98 0 0 0 0 18.3
86400 100 0.51 0.81 0.021 0.014 0.28 0 0.98 0 0 0 0 60.5
86400 150 0.51 0.81 0.021 0.014 0.28 0 0.98 0 0 0 0 55.7
86400 200 0.51 0.81 0.021 0.014 0.28 0 0.98 0 0 0 0 54.5
86400 250 0.51 0.81 0.021 0.014 0.28 0 0.98 0 0 0 0 50.3
86400 300 0.51 0.81 0.021 0.014 0.28 0 0.98 0 0 0 0 49.0
86400 400 0.51 0.81 0.021 0.014 0.28 0 0.98 0 0 0 0 39.6
86400 500 0.51 0.81 0.021 0.014 0.28 0 0.98 0 0 0 0 37.0
86400 600 0.51 0.81 0.021 0.014 0.28 0 0.98 0 0 0 0 26.7
86400 700 0.51 0.81 0.021 0.014 0.28 0 0.98 0 0 0 0 9.9
600 204.4 0.55 0.78 0.012 0.022 1.62 0 0.77 0.01 0 0 0 61.0
600 260 0.55 0.78 0.012 0.022 1.62 0 0.77 0.01 0 0 0 59.3
600 315.6 0.55 0.78 0.012 0.022 1.62 0 0.77 0.01 0 0 0 58.8
600 371.1 0.55 0.78 0.012 0.022 1.62 0 0.77 0.01 0 0 0 57.5
600 426.7 0.55 0.78 0.012 0.022 1.62 0 0.77 0.01 0 0 0 54.8
600 482.2 0.55 0.78 0.012 0.022 1.62 0 0.77 0.01 0 0 0 49.8
600 537.8 0.55 0.78 0.012 0.022 1.62 0 0.77 0.01 0 0 0 45.2
600 593.3 0.55 0.78 0.012 0.022 1.62 0 0.77 0.01 0 0 0 41.3
600 648.9 0.55 0.78 0.012 0.022 1.62 0 0.77 0.01 0 0 0 39.2
600 704.4 0.55 0.78 0.012 0.022 1.62 0 0.77 0.01 0 0 0 34.7
3600 204.4 0.55 0.78 0.012 0.022 1.62 0 0.77 0.01 0 0 0 59.9
3600 260 0.55 0.78 0.012 0.022 1.62 0 0.77 0.01 0 0 0 58.9
3600 315.6 0.55 0.78 0.012 0.022 1.62 0 0.77 0.01 0 0 0 58.3
3600 371.1 0.55 0.78 0.012 0.022 1.62 0 0.77 0.01 0 0 0 56.7
3600 426.7 0.55 0.78 0.012 0.022 1.62 0 0.77 0.01 0 0 0 51.9
3600 482.2 0.55 0.78 0.012 0.022 1.62 0 0.77 0.01 0 0 0 47.0
3600 537.8 0.55 0.78 0.012 0.022 1.62 0 0.77 0.01 0 0 0 42.1
3600 593.3 0.55 0.78 0.012 0.022 1.62 0 0.77 0.01 0 0 0 38.8
3600 648.9 0.55 0.78 0.012 0.022 1.62 0 0.77 0.01 0 0 0 34.2
3600 704.4 0.55 0.78 0.012 0.022 1.62 0 0.77 0.01 0 0 0 29.0
14400 204.4 0.55 0.78 0.012 0.022 1.62 0 0.77 0.01 0 0 0 59.1
14400 260 0.55 0.78 0.012 0.022 1.62 0 0.77 0.01 0 0 0 58.6
14400 315.6 0.55 0.78 0.012 0.022 1.62 0 0.77 0.01 0 0 0 58.1
14400 371.1 0.55 0.78 0.012 0.022 1.62 0 0.77 0.01 0 0 0 55.5
14400 426.7 0.55 0.78 0.012 0.022 1.62 0 0.77 0.01 0 0 0 50.0
14400 482.2 0.55 0.78 0.012 0.022 1.62 0 0.77 0.01 0 0 0 45.0
14400 537.8 0.55 0.78 0.012 0.022 1.62 0 0.77 0.01 0 0 0 40.8
14400 593.3 0.55 0.78 0.012 0.022 1.62 0 0.77 0.01 0 0 0 36.7
14400 648.9 0.55 0.78 0.012 0.022 1.62 0 0.77 0.01 0 0 0 30.5
14400 704.4 0.55 0.78 0.012 0.022 1.62 0 0.77 0.01 0 0 0 25.5
86400 204.4 0.55 0.78 0.012 0.022 1.62 0 0.77 0.01 0 0 0 58.9
86400 260 0.55 0.78 0.012 0.022 1.62 0 0.77 0.01 0 0 0 58.5
86400 315.6 0.55 0.78 0.012 0.022 1.62 0 0.77 0.01 0 0 0 57.7
86400 371.1 0.55 0.78 0.012 0.022 1.62 0 0.77 0.01 0 0 0 53.5
86400 426.7 0.55 0.78 0.012 0.022 1.62 0 0.77 0.01 0 0 0 48.3
86400 482.2 0.55 0.78 0.012 0.022 1.62 0 0.77 0.01 0 0 0 42.9
86400 537.8 0.55 0.78 0.012 0.022 1.62 0 0.77 0.01 0 0 0 38.5
86400 593.3 0.55 0.78 0.012 0.022 1.62 0 0.77 0.01 0 0 0 32.2
86400 648.9 0.55 0.78 0.012 0.022 1.62 0 0.77 0.01 0 0 0 26.3
86400 704.4 0.55 0.78 0.012 0.022 1.62 0 0.77 0.01 0 0 0 20.5
10 100 1.02 0.4 0.017 0.014 0.23 0 1.42 0 0 0 0 63.1
10 150 1.02 0.4 0.017 0.014 0.23 0 1.42 0 0 0 0 62.9
10 200 1.02 0.4 0.017 0.014 0.23 0 1.42 0 0 0 0 63.3
10 250 1.02 0.4 0.017 0.014 0.23 0 1.42 0 0 0 0 62.8
10 300 1.02 0.4 0.017 0.014 0.23 0 1.42 0 0 0 0 62.7
10 400 1.02 0.4 0.017 0.014 0.23 0 1.42 0 0 0 0 59.9
10 500 1.02 0.4 0.017 0.014 0.23 0 1.42 0 0 0 0 57.8
10 600 1.02 0.4 0.017 0.014 0.23 0 1.42 0 0 0 0 54.6
10 700 1.02 0.4 0.017 0.014 0.23 0 1.42 0 0 0 0 37.7
90 100 1.02 0.4 0.017 0.014 0.23 0 1.42 0 0 0 0 63.3
90 150 1.02 0.4 0.017 0.014 0.23 0 1.42 0 0 0 0 62.7
90 200 1.02 0.4 0.017 0.014 0.23 0 1.42 0 0 0 0 62.4
90 250 1.02 0.4 0.017 0.014 0.23 0 1.42 0 0 0 0 62.6
90 300 1.02 0.4 0.017 0.014 0.23 0 1.42 0 0 0 0 61.8
90 400 1.02 0.4 0.017 0.014 0.23 0 1.42 0 0 0 0 59.0
90 500 1.02 0.4 0.017 0.014 0.23 0 1.42 0 0 0 0 53.0
90 600 1.02 0.4 0.017 0.014 0.23 0 1.42 0 0 0 0 51.7
90 700 1.02 0.4 0.017 0.014 0.23 0 1.42 0 0 0 0 35.0
900 100 1.02 0.4 0.017 0.014 0.23 0 1.42 0 0 0 0 63.1
900 150 1.02 0.4 0.017 0.014 0.23 0 1.42 0 0 0 0 63.3
900 200 1.02 0.4 0.017 0.014 0.23 0 1.42 0 0 0 0 62.1
900 250 1.02 0.4 0.017 0.014 0.23 0 1.42 0 0 0 0 58.3
900 300 1.02 0.4 0.017 0.014 0.23 0 1.42 0 0 0 0 57.5
900 400 1.02 0.4 0.017 0.014 0.23 0 1.42 0 0 0 0 52.6
900 500 1.02 0.4 0.017 0.014 0.23 0 1.42 0 0 0 0 52.3
900 600 1.02 0.4 0.017 0.014 0.23 0 1.42 0 0 0 0 47.2
900 700 1.02 0.4 0.017 0.014 0.23 0 1.42 0 0 0 0 33.0
3600 250 1.02 0.4 0.017 0.014 0.23 0 1.42 0 0 0 0 57.2
3600 300 1.02 0.4 0.017 0.014 0.23 0 1.42 0 0 0 0 55.2
3600 400 1.02 0.4 0.017 0.014 0.23 0 1.42 0 0 0 0 50.5
3600 500 1.02 0.4 0.017 0.014 0.23 0 1.42 0 0 0 0 45.8
3600 600 1.02 0.4 0.017 0.014 0.23 0 1.42 0 0 0 0 36.8
3600 700 1.02 0.4 0.017 0.014 0.23 0 1.42 0 0 0 0 24.5
9000 100 1.02 0.4 0.017 0.014 0.23 0 1.42 0 0 0 0 62.8
9000 150 1.02 0.4 0.017 0.014 0.23 0 1.42 0 0 0 0 59.8
9000 200 1.02 0.4 0.017 0.014 0.23 0 1.42 0 0 0 0 58.4
9000 250 1.02 0.4 0.017 0.014 0.23 0 1.42 0 0 0 0 56.8
9000 300 1.02 0.4 0.017 0.014 0.23 0 1.42 0 0 0 0 53.7
9000 400 1.02 0.4 0.017 0.014 0.23 0 1.42 0 0 0 0 49.9
9000 500 1.02 0.4 0.017 0.014 0.23 0 1.42 0 0 0 0 40.4
9000 600 1.02 0.4 0.017 0.014 0.23 0 1.42 0 0 0 0 32.1
9000 700 1.02 0.4 0.017 0.014 0.23 0 1.42 0 0 0 0 22.3
86400 100 1.02 0.4 0.017 0.014 0.23 0 1.42 0 0 0 0 59.8
86400 150 1.02 0.4 0.017 0.014 0.23 0 1.42 0 0 0 0 59.4
86400 200 1.02 0.4 0.017 0.014 0.23 0 1.42 0 0 0 0 56.4
86400 250 1.02 0.4 0.017 0.014 0.23 0 1.42 0 0 0 0 55.1
86400 300 1.02 0.4 0.017 0.014 0.23 0 1.42 0 0 0 0 52.9
86400 400 1.02 0.4 0.017 0.014 0.23 0 1.42 0 0 0 0 45.0
86400 500 1.02 0.4 0.017 0.014 0.23 0 1.42 0 0 0 0 37.7
86400 600 1.02 0.4 0.017 0.014 0.23 0 1.42 0 0 0 0 26.0
86400 700 1.02 0.4 0.017 0.014 0.23 0 1.42 0 0 0 0 7.3
600 204.4 0.41 0.57 0.017 0.005 0.24 0.17 1.57 0.36 0 1.26 0 55.0
600 260 0.41 0.57 0.017 0.005 0.24 0.17 1.57 0.36 0 1.26 0 53.4
600 315.6 0.41 0.57 0.017 0.005 0.24 0.17 1.57 0.36 0 1.26 0 52.7
600 371.1 0.41 0.57 0.017 0.005 0.24 0.17 1.57 0.36 0 1.26 0 51.0
600 426.7 0.41 0.57 0.017 0.005 0.24 0.17 1.57 0.36 0 1.26 0 49.8
600 482.2 0.41 0.57 0.017 0.005 0.24 0.17 1.57 0.36 0 1.26 0 46.2
600 537.8 0.41 0.57 0.017 0.005 0.24 0.17 1.57 0.36 0 1.26 0 43.2
600 593.3 0.41 0.57 0.017 0.005 0.24 0.17 1.57 0.36 0 1.26 0 41.0
600 648.9 0.41 0.57 0.017 0.005 0.24 0.17 1.57 0.36 0 1.26 0 35.5
600 704.4 0.41 0.57 0.017 0.005 0.24 0.17 1.57 0.36 0 1.26 0 31.6
3600 204.4 0.41 0.57 0.017 0.005 0.24 0.17 1.57 0.36 0 1.26 0 54.2
3600 260 0.41 0.57 0.017 0.005 0.24 0.17 1.57 0.36 0 1.26 0 53.0
3600 315.6 0.41 0.57 0.017 0.005 0.24 0.17 1.57 0.36 0 1.26 0 52.6
3600 371.1 0.41 0.57 0.017 0.005 0.24 0.17 1.57 0.36 0 1.26 0 50.7
3600 426.7 0.41 0.57 0.017 0.005 0.24 0.17 1.57 0.36 0 1.26 0 47.9
3600 482.2 0.41 0.57 0.017 0.005 0.24 0.17 1.57 0.36 0 1.26 0 45.0
3600 537.8 0.41 0.57 0.017 0.005 0.24 0.17 1.57 0.36 0 1.26 0 42.5
3600 593.3 0.41 0.57 0.017 0.005 0.24 0.17 1.57 0.36 0 1.26 0 37.7
3600 648.9 0.41 0.57 0.017 0.005 0.24 0.17 1.57 0.36 0 1.26 0 33.3
3600 704.4 0.41 0.57 0.017 0.005 0.24 0.17 1.57 0.36 0 1.26 0 27.5
14400 204.4 0.41 0.57 0.017 0.005 0.24 0.17 1.57 0.36 0 1.26 0 53.5
14400 260 0.41 0.57 0.017 0.005 0.24 0.17 1.57 0.36 0 1.26 0 52.6
14400 315.6 0.41 0.57 0.017 0.005 0.24 0.17 1.57 0.36 0 1.26 0 51.7
14400 371.1 0.41 0.57 0.017 0.005 0.24 0.17 1.57 0.36 0 1.26 0 50.3
14400 426.7 0.41 0.57 0.017 0.005 0.24 0.17 1.57 0.36 0 1.26 0 46.6
14400 482.2 0.41 0.57 0.017 0.005 0.24 0.17 1.57 0.36 0 1.26 0 44.7
14400 537.8 0.41 0.57 0.017 0.005 0.24 0.17 1.57 0.36 0 1.26 0 42.1
14400 593.3 0.41 0.57 0.017 0.005 0.24 0.17 1.57 0.36 0 1.26 0 35.9
14400 648.9 0.41 0.57 0.017 0.005 0.24 0.17 1.57 0.36 0 1.26 0 31.3
14400 704.4 0.41 0.57 0.017 0.005 0.24 0.17 1.57 0.36 0 1.26 0 23.5
79200 204.4 0.41 0.57 0.017 0.005 0.24 0.17 1.57 0.36 0 1.26 0 53.2
79200 260 0.41 0.57 0.017 0.005 0.24 0.17 1.57 0.36 0 1.26 0 52.5
79200 315.6 0.41 0.57 0.017 0.005 0.24 0.17 1.57 0.36 0 1.26 0 50.8
79200 371.1 0.41 0.57 0.017 0.005 0.24 0.17 1.57 0.36 0 1.26 0 49.0
79200 426.7 0.41 0.57 0.017 0.005 0.24 0.17 1.57 0.36 0 1.26 0 45.6
79200 482.2 0.41 0.57 0.017 0.005 0.24 0.17 1.57 0.36 0 1.26 0 43.6
79200 537.8 0.41 0.57 0.017 0.005 0.24 0.17 1.57 0.36 0 1.26 0 38.8
79200 593.3 0.41 0.57 0.017 0.005 0.24 0.17 1.57 0.36 0 1.26 0 33.9
79200 648.9 0.41 0.57 0.017 0.005 0.24 0.17 1.57 0.36 0 1.26 0 27.7
79200 704.4 0.41 0.57 0.017 0.005 0.24 0.17 1.57 0.36 0 1.26 0 17.0
10 100 0.31 0.52 0.007 0.026 0.1 0 0.015 0 0 0 0.06 47.5
10 150 0.31 0.52 0.007 0.026 0.1 0 0.015 0 0 0 0.06 48
10 200 0.31 0.52 0.007 0.026 0.1 0 0.015 0 0 0 0.06 49
10 250 0.31 0.52 0.007 0.026 0.1 0 0.015 0 0 0 0.06 49
10 300 0.31 0.52 0.007 0.026 0.1 0 0.015 0 0 0 0.06 46.5
10 400 0.31 0.52 0.007 0.026 0.1 0 0.015 0 0 0 0.06 45.5
10 500 0.31 0.52 0.007 0.026 0.1 0 0.015 0 0 0 0.06 35.5
10 600 0.31 0.52 0.007 0.026 0.1 0 0.015 0 0 0 0.06 26.5
10 700 0.31 0.52 0.007 0.026 0.1 0 0.015 0 0 0 0.06 21.5
90 100 0.31 0.52 0.007 0.026 0.1 0 0.015 0 0 0 0.06 49
90 150 0.31 0.52 0.007 0.026 0.1 0 0.015 0 0 0 0.06 46
90 200 0.31 0.52 0.007 0.026 0.1 0 0.015 0 0 0 0.06 49.5
90 250 0.31 0.52 0.007 0.026 0.1 0 0.015 0 0 0 0.06 47.5
90 300 0.31 0.52 0.007 0.026 0.1 0 0.015 0 0 0 0.06 43.5
90 400 0.31 0.52 0.007 0.026 0.1 0 0.015 0 0 0 0.06 39.5
90 500 0.31 0.52 0.007 0.026 0.1 0 0.015 0 0 0 0.06 30.5
90 600 0.31 0.52 0.007 0.026 0.1 0 0.015 0 0 0 0.06 22.5
90 700 0.31 0.52 0.007 0.026 0.1 0 0.015 0 0 0 0.06 16
900 100 0.31 0.52 0.007 0.026 0.1 0 0.015 0 0 0 0.06 49
900 150 0.31 0.52 0.007 0.026 0.1 0 0.015 0 0 0 0.06 47.5
900 200 0.31 0.52 0.007 0.026 0.1 0 0.015 0 0 0 0.06 48
900 250 0.31 0.52 0.007 0.026 0.1 0 0.015 0 0 0 0.06 46
900 300 0.31 0.52 0.007 0.026 0.1 0 0.015 0 0 0 0.06 42.5
900 400 0.31 0.52 0.007 0.026 0.1 0 0.015 0 0 0 0.06 35.5
900 500 0.31 0.52 0.007 0.026 0.1 0 0.015 0 0 0 0.06 25.5
900 600 0.31 0.52 0.007 0.026 0.1 0 0.015 0 0 0 0.06 18.5
900 700 0.31 0.52 0.007 0.026 0.1 0 0.015 0 0 0 0.06 13.5
9000 100 0.31 0.52 0.007 0.026 0.1 0 0.015 0 0 0 0.06 47.5
9000 150 0.31 0.52 0.007 0.026 0.1 0 0.015 0 0 0 0.06 47
9000 200 0.31 0.52 0.007 0.026 0.1 0 0.015 0 0 0 0.06 46.5
9000 250 0.31 0.52 0.007 0.026 0.1 0 0.015 0 0 0 0.06 44
9000 300 0.31 0.52 0.007 0.026 0.1 0 0.015 0 0 0 0.06 39.5
9000 400 0.31 0.52 0.007 0.026 0.1 0 0.015 0 0 0 0.06 30.5
9000 500 0.31 0.52 0.007 0.026 0.1 0 0.015 0 0 0 0.06 19.5
9000 600 0.31 0.52 0.007 0.026 0.1 0 0.015 0 0 0 0.06 16
9000 700 0.31 0.52 0.007 0.026 0.1 0 0.015 0 0 0 0.06 7
86400 100 0.31 0.52 0.007 0.026 0.1 0 0.015 0 0 0 0.06 48.5
86400 150 0.31 0.52 0.007 0.026 0.1 0 0.015 0 0 0 0.06 47.5
86400 200 0.31 0.52 0.007 0.026 0.1 0 0.015 0 0 0 0.06 44
86400 250 0.31 0.52 0.007 0.026 0.1 0 0.015 0 0 0 0.06 42.5
86400 300 0.31 0.52 0.007 0.026 0.1 0 0.015 0 0 0 0.06 37.5
86400 400 0.31 0.52 0.007 0.026 0.1 0 0.015 0 0 0 0.06 28.5
86400 500 0.31 0.52 0.007 0.026 0.1 0 0.015 0 0 0 0.06 21
86400 600 0.31 0.52 0.007 0.026 0.1 0 0.015 0 0 0 0.06 12.5
86400 700 0.31 0.52 0.007 0.026 0.1 0 0.015 0 0 0 0.06 3.5
10 100 0.56 0.54 0.012 0.015 0.18 0 0.02 0 0 0 0 62.5
10 150 0.56 0.54 0.012 0.015 0.18 0 0.02 0 0 0 0 62.5
10 200 0.56 0.54 0.012 0.015 0.18 0 0.02 0 0 0 0 63.5
10 250 0.56 0.54 0.012 0.015 0.18 0 0.02 0 0 0 0 62.5
10 300 0.56 0.54 0.012 0.015 0.18 0 0.02 0 0 0 0 61.5
10 400 0.56 0.54 0.012 0.015 0.18 0 0.02 0 0 0 0 56
10 500 0.56 0.54 0.012 0.015 0.18 0 0.02 0 0 0 0 48.5
10 600 0.56 0.54 0.012 0.015 0.18 0 0.02 0 0 0 0 38.5
10 700 0.56 0.54 0.012 0.015 0.18 0 0.02 0 0 0 0 31.5
90 100 0.56 0.54 0.012 0.015 0.18 0 0.02 0 0 0 0 63.5
90 150 0.56 0.54 0.012 0.015 0.18 0 0.02 0 0 0 0 62.5
90 200 0.56 0.54 0.012 0.015 0.18 0 0.02 0 0 0 0 60.5
90 250 0.56 0.54 0.012 0.015 0.18 0 0.02 0 0 0 0 57.5
90 300 0.56 0.54 0.012 0.015 0.18 0 0.02 0 0 0 0 54.5
90 400 0.56 0.54 0.012 0.015 0.18 0 0.02 0 0 0 0 48.5
90 500 0.56 0.54 0.012 0.015 0.18 0 0.02 0 0 0 0 40.5
90 600 0.56 0.54 0.012 0.015 0.18 0 0.02 0 0 0 0 32.5
90 700 0.56 0.54 0.012 0.015 0.18 0 0.02 0 0 0 0 25.5
900 100 0.56 0.54 0.012 0.015 0.18 0 0.02 0 0 0 0 63.5
900 150 0.56 0.54 0.012 0.015 0.18 0 0.02 0 0 0 0 61.5
900 200 0.56 0.54 0.012 0.015 0.18 0 0.02 0 0 0 0 58.5
900 250 0.56 0.54 0.012 0.015 0.18 0 0.02 0 0 0 0 54.5
900 300 0.56 0.54 0.012 0.015 0.18 0 0.02 0 0 0 0 52
900 400 0.56 0.54 0.012 0.015 0.18 0 0.02 0 0 0 0 45
900 500 0.56 0.54 0.012 0.015 0.18 0 0.02 0 0 0 0 36.5
900 600 0.56 0.54 0.012 0.015 0.18 0 0.02 0 0 0 0 28.5
900 700 0.56 0.54 0.012 0.015 0.18 0 0.02 0 0 0 0 19
9000 100 0.56 0.54 0.012 0.015 0.18 0 0.02 0 0 0 0 61
9000 150 0.56 0.54 0.012 0.015 0.18 0 0.02 0 0 0 0 61
9000 200 0.56 0.54 0.012 0.015 0.18 0 0.02 0 0 0 0 56.5
9000 250 0.56 0.54 0.012 0.015 0.18 0 0.02 0 0 0 0 53.5
9000 300 0.56 0.54 0.012 0.015 0.18 0 0.02 0 0 0 0 50.5
9000 400 0.56 0.54 0.012 0.015 0.18 0 0.02 0 0 0 0 42
9000 500 0.56 0.54 0.012 0.015 0.18 0 0.02 0 0 0 0 34.5
9000 600 0.56 0.54 0.012 0.015 0.18 0 0.02 0 0 0 0 25
9000 700 0.56 0.54 0.012 0.015 0.18 0 0.02 0 0 0 0 12.5
86400 100 0.56 0.54 0.012 0.015 0.18 0 0.02 0 0 0 0 60.5
86400 150 0.56 0.54 0.012 0.015 0.18 0 0.02 0 0 0 0 58.5
86400 200 0.56 0.54 0.012 0.015 0.18 0 0.02 0 0 0 0 54.5
86400 250 0.56 0.54 0.012 0.015 0.18 0 0.02 0 0 0 0 50.5
86400 300 0.56 0.54 0.012 0.015 0.18 0 0.02 0 0 0 0 47.5
86400 400 0.56 0.54 0.012 0.015 0.18 0 0.02 0 0 0 0 40.5
86400 500 0.56 0.54 0.012 0.015 0.18 0 0.02 0 0 0 0 31.5
86400 600 0.56 0.54 0.012 0.015 0.18 0 0.02 0 0 0 0 18.5
86400 700 0.56 0.54 0.012 0.015 0.18 0 0.02 0 0 0 0 1.5
10 100 0.74 0.66 0.009 0.021 0.18 0 0.01 0 0 0 0 67
10 150 0.74 0.66 0.009 0.021 0.18 0 0.01 0 0 0 0 67.5
10 200 0.74 0.66 0.009 0.021 0.18 0 0.01 0 0 0 0 67.5
10 250 0.74 0.66 0.009 0.021 0.18 0 0.01 0 0 0 0 67
10 300 0.74 0.66 0.009 0.021 0.18 0 0.01 0 0 0 0 65.5
10 400 0.74 0.66 0.009 0.021 0.18 0 0.01 0 0 0 0 61.5
10 500 0.74 0.66 0.009 0.021 0.18 0 0.01 0 0 0 0 51.5
10 600 0.74 0.66 0.009 0.021 0.18 0 0.01 0 0 0 0 42.5
10 700 0.74 0.66 0.009 0.021 0.18 0 0.01 0 0 0 0 36.5
90 100 0.74 0.66 0.009 0.021 0.18 0 0.01 0 0 0 0 66.5
90 150 0.74 0.66 0.009 0.021 0.18 0 0.01 0 0 0 0 67.5
90 200 0.74 0.66 0.009 0.021 0.18 0 0.01 0 0 0 0 65
90 250 0.74 0.66 0.009 0.021 0.18 0 0.01 0 0 0 0 61.5
90 300 0.74 0.66 0.009 0.021 0.18 0 0.01 0 0 0 0 58.5
90 400 0.74 0.66 0.009 0.021 0.18 0 0.01 0 0 0 0 51.5
90 500 0.74 0.66 0.009 0.021 0.18 0 0.01 0 0 0 0 44.5
90 600 0.74 0.66 0.009 0.021 0.18 0 0.01 0 0 0 0 38.5
90 700 0.74 0.66 0.009 0.021 0.18 0 0.01 0 0 0 0 29
900 100 0.74 0.66 0.009 0.021 0.18 0 0.01 0 0 0 0 67.5
900 150 0.74 0.66 0.009 0.021 0.18 0 0.01 0 0 0 0 66.5
900 200 0.74 0.66 0.009 0.021 0.18 0 0.01 0 0 0 0 62.5
900 250 0.74 0.66 0.009 0.021 0.18 0 0.01 0 0 0 0 59.5
900 300 0.74 0.66 0.009 0.021 0.18 0 0.01 0 0 0 0 56.5
900 400 0.74 0.66 0.009 0.021 0.18 0 0.01 0 0 0 0 49.5
900 500 0.74 0.66 0.009 0.021 0.18 0 0.01 0 0 0 0 42.5
900 600 0.74 0.66 0.009 0.021 0.18 0 0.01 0 0 0 0 34.5
900 700 0.74 0.66 0.009 0.021 0.18 0 0.01 0 0 0 0 22.5
9000 100 0.74 0.66 0.009 0.021 0.18 0 0.01 0 0 0 0 66.5
9000 150 0.74 0.66 0.009 0.021 0.18 0 0.01 0 0 0 0 64.5
9000 200 0.74 0.66 0.009 0.021 0.18 0 0.01 0 0 0 0 59.5
9000 250 0.74 0.66 0.009 0.021 0.18 0 0.01 0 0 0 0 58
9000 300 0.74 0.66 0.009 0.021 0.18 0 0.01 0 0 0 0 53.5
9000 400 0.74 0.66 0.009 0.021 0.18 0 0.01 0 0 0 0 47.5
9000 500 0.74 0.66 0.009 0.021 0.18 0 0.01 0 0 0 0 38.5
9000 600 0.74 0.66 0.009 0.021 0.18 0 0.01 0 0 0 0 28.5
9000 700 0.74 0.66 0.009 0.021 0.18 0 0.01 0 0 0 0 16.5
86400 100 0.74 0.66 0.009 0.021 0.18 0 0.01 0 0 0 0 65.5
86400 150 0.74 0.66 0.009 0.021 0.18 0 0.01 0 0 0 0 61.5
86400 200 0.74 0.66 0.009 0.021 0.18 0 0.01 0 0 0 0 58.5
86400 250 0.74 0.66 0.009 0.021 0.18 0 0.01 0 0 0 0 55
86400 300 0.74 0.66 0.009 0.021 0.18 0 0.01 0 0 0 0 51.5
86400 400 0.74 0.66 0.009 0.021 0.18 0 0.01 0 0 0 0 44.5
86400 500 0.74 0.66 0.009 0.021 0.18 0 0.01 0 0 0 0 34.5
86400 600 0.74 0.66 0.009 0.021 0.18 0 0.01 0 0 0 0 21.5
86400 700 0.74 0.66 0.009 0.021 0.18 0 0.01 0 0 0 0 7.5
10 100 0.89 0.55 0.012 0.02 0.06 0 0.01 0 0 0 0.08 67
10 150 0.89 0.55 0.012 0.02 0.06 0 0.01 0 0 0 0.08 67.5
10 200 0.89 0.55 0.012 0.02 0.06 0 0.01 0 0 0 0.08 67.5
10 250 0.89 0.55 0.012 0.02 0.06 0 0.01 0 0 0 0.08 67.5
10 300 0.89 0.55 0.012 0.02 0.06 0 0.01 0 0 0 0.08 64.5
10 400 0.89 0.55 0.012 0.02 0.06 0 0.01 0 0 0 0.08 58.5
10 500 0.89 0.55 0.012 0.02 0.06 0 0.01 0 0 0 0.08 48.5
10 600 0.89 0.55 0.012 0.02 0.06 0 0.01 0 0 0 0.08 43
10 700 0.89 0.55 0.012 0.02 0.06 0 0.01 0 0 0 0.08 37.5
90 100 0.89 0.55 0.012 0.02 0.06 0 0.01 0 0 0 0.08 67.5
90 150 0.89 0.55 0.012 0.02 0.06 0 0.01 0 0 0 0.08 67.5
90 200 0.89 0.55 0.012 0.02 0.06 0 0.01 0 0 0 0.08 65.5
90 250 0.89 0.55 0.012 0.02 0.06 0 0.01 0 0 0 0.08 62.5
90 300 0.89 0.55 0.012 0.02 0.06 0 0.01 0 0 0 0.08 59.5
90 400 0.89 0.55 0.012 0.02 0.06 0 0.01 0 0 0 0.08 52.5
90 500 0.89 0.55 0.012 0.02 0.06 0 0.01 0 0 0 0.08 45.5
90 600 0.89 0.55 0.012 0.02 0.06 0 0.01 0 0 0 0.08 38
90 700 0.89 0.55 0.012 0.02 0.06 0 0.01 0 0 0 0.08 31.5
900 100 0.89 0.55 0.012 0.02 0.06 0 0.01 0 0 0 0.08 68
900 150 0.89 0.55 0.012 0.02 0.06 0 0.01 0 0 0 0.08 66.5
900 200 0.89 0.55 0.012 0.02 0.06 0 0.01 0 0 0 0.08 64.5
900 250 0.89 0.55 0.012 0.02 0.06 0 0.01 0 0 0 0.08 60.5
900 300 0.89 0.55 0.012 0.02 0.06 0 0.01 0 0 0 0.08 57.5
900 400 0.89 0.55 0.012 0.02 0.06 0 0.01 0 0 0 0.08 50.5
900 500 0.89 0.55 0.012 0.02 0.06 0 0.01 0 0 0 0.08 42.5
900 600 0.89 0.55 0.012 0.02 0.06 0 0.01 0 0 0 0.08 34
900 700 0.89 0.55 0.012 0.02 0.06 0 0.01 0 0 0 0.08 25.5
9000 100 0.89 0.55 0.012 0.02 0.06 0 0.01 0 0 0 0.08 68.5
9000 150 0.89 0.55 0.012 0.02 0.06 0 0.01 0 0 0 0.08 63.5
9000 200 0.89 0.55 0.012 0.02 0.06 0 0.01 0 0 0 0.08 61.5
9000 250 0.89 0.55 0.012 0.02 0.06 0 0.01 0 0 0 0.08 58.5
9000 300 0.89 0.55 0.012 0.02 0.06 0 0.01 0 0 0 0.08 54
9000 400 0.89 0.55 0.012 0.02 0.06 0 0.01 0 0 0 0.08 46.5
9000 500 0.89 0.55 0.012 0.02 0.06 0 0.01 0 0 0 0.08 38
9000 600 0.89 0.55 0.012 0.02 0.06 0 0.01 0 0 0 0.08 28.5
9000 700 0.89 0.55 0.012 0.02 0.06 0 0.01 0 0 0 0.08 18
86400 100 0.89 0.55 0.012 0.02 0.06 0 0.01 0 0 0 0.08 67.5
86400 150 0.89 0.55 0.012 0.02 0.06 0 0.01 0 0 0 0.08 62.5
86400 200 0.89 0.55 0.012 0.02 0.06 0 0.01 0 0 0 0.08 59.5
86400 250 0.89 0.55 0.012 0.02 0.06 0 0.01 0 0 0 0.08 55.5
86400 300 0.89 0.55 0.012 0.02 0.06 0 0.01 0 0 0 0.08 52.5
86400 400 0.89 0.55 0.012 0.02 0.06 0 0.01 0 0 0 0.08 44.5
86400 500 0.89 0.55 0.012 0.02 0.06 0 0.01 0 0 0 0.08 33
86400 600 0.89 0.55 0.012 0.02 0.06 0 0.01 0 0 0 0.08 22.5
86400 700 0.89 0.55 0.012 0.02 0.06 0 0.01 0 0 0 0.08 12
10 100 0.98 0.3 0.007 0.021 0.3 0 0.03 0 0 0 0.055 66.5
10 150 0.98 0.3 0.007 0.021 0.3 0 0.03 0 0 0 0.055 67
10 200 0.98 0.3 0.007 0.021 0.3 0 0.03 0 0 0 0.055 68
10 250 0.98 0.3 0.007 0.021 0.3 0 0.03 0 0 0 0.055 66.5
10 300 0.98 0.3 0.007 0.021 0.3 0 0.03 0 0 0 0.055 65
10 406 0.98 0.3 0.007 0.021 0.3 0 0.03 0 0 0 0.055 60.5
10 500 0.98 0.3 0.007 0.021 0.3 0 0.03 0 0 0 0.055 52.5
10 602 0.98 0.3 0.007 0.021 0.3 0 0.03 0 0 0 0.055 43.5
10 700 0.98 0.3 0.007 0.021 0.3 0 0.03 0 0 0 0.055 35.5
90 100 0.98 0.3 0.007 0.021 0.3 0 0.03 0 0 0 0.055 65.5
90 150 0.98 0.3 0.007 0.021 0.3 0 0.03 0 0 0 0.055 66.5
90 200 0.98 0.3 0.007 0.021 0.3 0 0.03 0 0 0 0.055 66.5
90 250 0.98 0.3 0.007 0.021 0.3 0 0.03 0 0 0 0.055 62.5
90 300 0.98 0.3 0.007 0.021 0.3 0 0.03 0 0 0 0.055 61
90 406 0.98 0.3 0.007 0.021 0.3 0 0.03 0 0 0 0.055 52.5
90 500 0.98 0.3 0.007 0.021 0.3 0 0.03 0 0 0 0.055 44.5
90 602 0.98 0.3 0.007 0.021 0.3 0 0.03 0 0 0 0.055 35.5
90 700 0.98 0.3 0.007 0.021 0.3 0 0.03 0 0 0 0.055 27.5
900 100 0.98 0.3 0.007 0.021 0.3 0 0.03 0 0 0 0.055 67
900 150 0.98 0.3 0.007 0.021 0.3 0 0.03 0 0 0 0.055 65.5
900 200 0.98 0.3 0.007 0.021 0.3 0 0.03 0 0 0 0.055 63.5
900 250 0.98 0.3 0.007 0.021 0.3 0 0.03 0 0 0 0.055 60
900 300 0.98 0.3 0.007 0.021 0.3 0 0.03 0 0 0 0.055 56.5
900 406 0.98 0.3 0.007 0.021 0.3 0 0.03 0 0 0 0.055 49.5
900 500 0.98 0.3 0.007 0.021 0.3 0 0.03 0 0 0 0.055 41.5
900 602 0.98 0.3 0.007 0.021 0.3 0 0.03 0 0 0 0.055 28.5
900 700 0.98 0.3 0.007 0.021 0.3 0 0.03 0 0 0 0.055 22.5
9000 100 0.98 0.3 0.007 0.021 0.3 0 0.03 0 0 0 0.055 67.5
9000 150 0.98 0.3 0.007 0.021 0.3 0 0.03 0 0 0 0.055 64.5
9000 200 0.98 0.3 0.007 0.021 0.3 0 0.03 0 0 0 0.055 62.5
9000 250 0.98 0.3 0.007 0.021 0.3 0 0.03 0 0 0 0.055 57.5
9000 300 0.98 0.3 0.007 0.021 0.3 0 0.03 0 0 0 0.055 55.5
9000 406 0.98 0.3 0.007 0.021 0.3 0 0.03 0 0 0 0.055 45.5
9000 500 0.98 0.3 0.007 0.021 0.3 0 0.03 0 0 0 0.055 35.5
9000 602 0.98 0.3 0.007 0.021 0.3 0 0.03 0 0 0 0.055 23.5
9000 700 0.98 0.3 0.007 0.021 0.3 0 0.03 0 0 0 0.055 14.5
86400 100 0.98 0.3 0.007 0.021 0.3 0 0.03 0 0 0 0.055 66.5
86400 150 0.98 0.3 0.007 0.021 0.3 0 0.03 0 0 0 0.055 63.5
86400 200 0.98 0.3 0.007 0.021 0.3 0 0.03 0 0 0 0.055 60.5
86400 250 0.98 0.3 0.007 0.021 0.3 0 0.03 0 0 0 0.055 56
86400 300 0.98 0.3 0.007 0.021 0.3 0 0.03 0 0 0 0.055 52.5
86400 406 0.98 0.3 0.007 0.021 0.3 0 0.03 0 0 0 0.055 43.5
86400 500 0.98 0.3 0.007 0.021 0.3 0 0.03 0 0 0 0.055 30.5
86400 602 0.98 0.3 0.007 0.021 0.3 0 0.03 0 0 0 0.055 4.5
86400 700 0.98 0.3 0.007 0.021 0.3 0 0.03 0 0 0 0.055 4.5
10 100 1.15 0.58 0.012 0.021 0.09 0 0.01 0 0 0 0 65
10 150 1.15 0.58 0.012 0.021 0.09 0 0.01 0 0 0 0 63.5
10 200 1.15 0.58 0.012 0.021 0.09 0 0.01 0 0 0 0 65
10 250 1.15 0.58 0.012 0.021 0.09 0 0.01 0 0 0 0 66.5
10 300 1.15 0.58 0.012 0.021 0.09 0 0.01 0 0 0 0 64
10 400 1.15 0.58 0.012 0.021 0.09 0 0.01 0 0 0 0 57.5
10 500 1.15 0.58 0.012 0.021 0.09 0 0.01 0 0 0 0 49
10 600 1.15 0.58 0.012 0.021 0.09 0 0.01 0 0 0 0 42.5
10 700 1.15 0.58 0.012 0.021 0.09 0 0.01 0 0 0 0 37.5
90 100 1.15 0.58 0.012 0.021 0.09 0 0.01 0 0 0 0 64.5
90 150 1.15 0.58 0.012 0.021 0.09 0 0.01 0 0 0 0 65
90 200 1.15 0.58 0.012 0.021 0.09 0 0.01 0 0 0 0 64.5
90 250 1.15 0.58 0.012 0.021 0.09 0 0.01 0 0 0 0 61.5
90 300 1.15 0.58 0.012 0.021 0.09 0 0.01 0 0 0 0 60
90 400 1.15 0.58 0.012 0.021 0.09 0 0.01 0 0 0 0 52
90 500 1.15 0.58 0.012 0.021 0.09 0 0.01 0 0 0 0 44
90 600 1.15 0.58 0.012 0.021 0.09 0 0.01 0 0 0 0 38.5
90 700 1.15 0.58 0.012 0.021 0.09 0 0.01 0 0 0 0 32
900 100 1.15 0.58 0.012 0.021 0.09 0 0.01 0 0 0 0 65.5
900 150 1.15 0.58 0.012 0.021 0.09 0 0.01 0 0 0 0 66
900 200 1.15 0.58 0.012 0.021 0.09 0 0.01 0 0 0 0 62.5
900 250 1.15 0.58 0.012 0.021 0.09 0 0.01 0 0 0 0 59.5
900 300 1.15 0.58 0.012 0.021 0.09 0 0.01 0 0 0 0 55.5
900 400 1.15 0.58 0.012 0.021 0.09 0 0.01 0 0 0 0 49.5
900 500 1.15 0.58 0.012 0.021 0.09 0 0.01 0 0 0 0 41
900 600 1.15 0.58 0.012 0.021 0.09 0 0.01 0 0 0 0 32.5
900 700 1.15 0.58 0.012 0.021 0.09 0 0.01 0 0 0 0 24.5
9000 100 1.15 0.58 0.012 0.021 0.09 0 0.01 0 0 0 0 66.5
9000 150 1.15 0.58 0.012 0.021 0.09 0 0.01 0 0 0 0 64
9000 200 1.15 0.58 0.012 0.021 0.09 0 0.01 0 0 0 0 60
9000 250 1.15 0.58 0.012 0.021 0.09 0 0.01 0 0 0 0 57.5
9000 300 1.15 0.58 0.012 0.021 0.09 0 0.01 0 0 0 0 53
9000 400 1.15 0.58 0.012 0.021 0.09 0 0.01 0 0 0 0 46.5
9000 500 1.15 0.58 0.012 0.021 0.09 0 0.01 0 0 0 0 37.5
9000 600 1.15 0.58 0.012 0.021 0.09 0 0.01 0 0 0 0 30.5
9000 700 1.15 0.58 0.012 0.021 0.09 0 0.01 0 0 0 0 18
86400 100 1.15 0.58 0.012 0.021 0.09 0 0.01 0 0 0 0 65
86400 150 1.15 0.58 0.012 0.021 0.09 0 0.01 0 0 0 0 61
86400 200 1.15 0.58 0.012 0.021 0.09 0 0.01 0 0 0 0 60.5
86400 250 1.15 0.58 0.012 0.021 0.09 0 0.01 0 0 0 0 55.5
86400 300 1.15 0.58 0.012 0.021 0.09 0 0.01 0 0 0 0 50.5
86400 400 1.15 0.58 0.012 0.021 0.09 0 0.01 0 0 0 0 42
86400 500 1.15 0.58 0.012 0.021 0.09 0 0.01 0 0 0 0 32
86400 600 1.15 0.58 0.012 0.021 0.09 0 0.01 0 0 0 0 23
86400 700 1.15 0.58 0.012 0.021 0.09 0 0.01 0 0 0 0 4.5
