0.00	0.0000	1.19000E+2
0.10	0.0308	1.49000E+2
0.20	0.0641	1.94000E+2
0.30	0.1072	2.91000E+2
0.40	0.1515	4.34000E+2
0.50	0.1641	4.92000E+2
0.60	0.2073	7.14000E+2
0.70	0.2511	9.82000E+2
0.80	0.2950	1.27300E+3
0.90	0.2991	1.30200E+3
1.00	0.3312	1.50900E+3
1.10	0.3743	2.04700E+3
1.20	0.4180	2.34200E+3
1.30	0.4311	2.36300E+3
1.40	0.4644	2.64600E+3
1.50	0.4978	2.84800E+3
1.60	0.5313	3.00700E+3
1.70	0.5749	3.31100E+3
1.80	0.5980	3.46100E+3
1.90	0.6314	3.89700E+3
2.00	0.6646	4.21100E+3
2.10	0.7080	4.53900E+3
2.20	0.7310	4.61500E+3
2.30	0.7645	4.99400E+3
2.40	0.7979	5.29700E+3
2.50	0.8314	5.58900E+3
2.60	0.8752	5.77700E+3
2.70	0.8983	5.86200E+3
2.80	0.9316	6.07300E+3
2.90	0.9649	6.29100E+3
3.00	0.9983	6.47300E+3
3.10	1.0317	6.60300E+3
3.20	1.0650	6.67700E+3
3.30	1.0983	6.72600E+3
3.40	1.1317	6.76500E+3
3.50	1.1650	6.80700E+3
3.60	1.1983	6.84500E+3
3.70	1.2317	6.88200E+3
3.80	1.2652	6.91900E+3
3.90	1.2987	6.95700E+3
4.00	1.3424	7.00400E+3
4.10	1.3654	7.02800E+3
4.20	1.3989	7.06400E+3
4.30	1.4320	7.09700E+3
4.40	1.4653	7.13000E+3
4.50	1.4988	7.16500E+3
4.60	1.5325	7.20000E+3
4.70	1.5660	7.23400E+3
4.80	1.5994	7.26900E+3
4.90	1.6329	7.30200E+3
5.00	1.6662	7.33300E+3
5.10	1.6994	7.36600E+3
5.20	1.7326	7.39700E+3
5.30	1.7659	7.42900E+3
5.40	1.7994	7.45700E+3
5.50	1.8328	7.48700E+3
5.60	1.8664	7.51800E+3
5.70	1.8997	7.55100E+3
5.80	1.9329	7.58200E+3
5.90	1.9661	7.61300E+3
6.00	1.9994	7.64100E+3
6.10	2.0328	7.67100E+3
6.20	2.0773	7.71100E+3
6.30	2.0997	7.72900E+3
6.40	2.1331	7.75700E+3
6.50	2.1665	7.78500E+3
6.60	2.1998	7.81300E+3
6.70	2.2331	7.83900E+3
6.80	2.2666	7.86700E+3
6.90	2.3000	7.89300E+3
7.00	2.3333	7.92100E+3
7.10	2.3666	7.94700E+3
7.20	2.3999	7.97200E+3
7.30	2.4330	7.99800E+3
7.40	2.4661	8.02300E+3
7.50	2.4994	8.04700E+3
7.60	2.5330	8.07300E+3
7.70	2.5665	8.09800E+3
7.80	2.6000	8.12000E+3
7.90	2.6335	8.14700E+3
8.00	2.6668	8.17100E+3
8.10	2.7108	8.20300E+3
8.20	2.7243	8.21700E+3
8.30	2.7410	8.21100E+3
8.40	2.7577	8.20200E+3
8.50	2.7745	8.22200E+3
8.60	2.7913	8.25400E+3
8.70	2.8081	8.28100E+3
8.80	2.8249	8.30100E+3
8.90	2.8417	8.31900E+3
9.00	2.8585	8.33500E+3
9.10	2.8752	8.34700E+3
9.20	2.8918	8.36200E+3
9.30	2.9084	8.37600E+3
9.40	2.9249	8.38800E+3
9.50	2.9415	8.39600E+3
9.60	2.9581	8.40700E+3
9.70	2.9747	8.42000E+3
9.80	2.9913	8.43000E+3
9.90	3.0078	8.44000E+3
10.00	3.0245	8.45200E+3
10.10	3.0412	8.46300E+3
10.20	3.0579	8.47400E+3
10.30	3.0746	8.48300E+3
10.40	3.0913	8.49200E+3
10.50	3.1080	8.50300E+3
10.60	3.1248	8.51600E+3
10.70	3.1415	8.52500E+3
10.80	3.1581	8.53400E+3
10.90	3.1747	8.54600E+3
11.00	3.1968	8.55800E+3
11.10	3.2081	8.56500E+3
11.20	3.2248	8.57600E+3
11.30	3.2415	8.58500E+3
11.40	3.2582	8.59400E+3
11.50	3.2750	8.60300E+3
11.60	3.2918	8.61500E+3
11.70	3.3085	8.62400E+3
11.80	3.3253	8.63300E+3
11.90	3.3420	8.64200E+3
12.00	3.3587	8.65200E+3
12.10	3.3754	8.66200E+3
12.20	3.3920	8.67100E+3
12.30	3.4087	8.67900E+3
12.40	3.4253	8.68900E+3
12.50	3.4419	8.69800E+3
12.60	3.4586	8.70900E+3
12.70	3.4753	8.71800E+3
12.80	3.4920	8.72500E+3
12.90	3.5087	8.73300E+3
13.00	3.5254	8.74200E+3
13.10	3.5421	8.75200E+3
13.20	3.5589	8.76100E+3
13.30	3.5757	8.76900E+3
13.40	3.5924	8.77900E+3
13.50	3.6091	8.78900E+3
13.60	3.6258	8.79600E+3
13.70	3.6424	8.80300E+3
13.80	3.6590	8.81200E+3
13.90	3.6756	8.82200E+3
14.00	3.6921	8.82900E+3
14.10	3.7088	8.83600E+3
14.20	3.7254	8.84300E+3
14.30	3.7420	8.85200E+3
14.40	3.7587	8.86200E+3
14.50	3.7754	8.87000E+3
14.60	3.7922	8.87700E+3
14.70	3.8090	8.88600E+3
14.80	3.8257	8.89400E+3
14.90	3.8425	8.90300E+3
15.00	3.8592	8.90800E+3
15.10	3.8760	8.91600E+3
15.20	3.8926	8.92500E+3
15.30	3.9092	8.93300E+3
15.40	3.9258	8.94200E+3
15.50	3.9425	8.94800E+3
15.60	3.9592	8.95500E+3
15.70	3.9758	8.96300E+3
15.80	3.9925	8.97200E+3
15.90	4.0091	8.98100E+3
16.00	4.0257	8.98700E+3
16.10	4.0424	8.99300E+3
16.20	4.0590	9.00000E+3
16.30	4.0757	9.00700E+3
16.40	4.0924	9.01400E+3
16.50	4.1091	9.02200E+3
16.60	4.1257	9.03000E+3
16.70	4.1423	9.03800E+3
16.80	4.1589	9.04400E+3
16.90	4.1755	9.04900E+3
17.00	4.1922	9.05700E+3
17.10	4.2089	9.06700E+3
17.20	4.2256	9.07300E+3
17.30	4.2423	9.07900E+3
17.40	4.2590	9.08700E+3
17.50	4.2757	9.09400E+3
17.60	4.2925	9.10200E+3
17.70	4.3092	9.10800E+3
17.80	4.3259	9.11500E+3
17.90	4.3425	9.12000E+3
18.00	4.3591	9.12600E+3
18.10	4.3757	9.13400E+3
18.20	4.3923	9.14100E+3
18.30	4.4089	9.14700E+3
18.40	4.4255	9.15100E+3
18.50	4.4421	9.15800E+3
18.60	4.4588	9.16500E+3
18.70	4.4755	9.17200E+3
18.80	4.4922	9.17800E+3
18.90	4.5090	9.18400E+3
19.00	4.5258	9.19200E+3
19.10	4.5426	9.20000E+3
19.20	4.5593	9.20500E+3
19.30	4.5761	9.21100E+3
19.40	4.5928	9.21700E+3
19.50	4.6094	9.22100E+3
19.60	4.6261	9.22700E+3
19.70	4.6427	9.23300E+3
19.80	4.6592	9.23900E+3
19.90	4.6758	9.24400E+3
20.00	4.6923	9.24900E+3
20.10	4.7089	9.25700E+3
20.20	4.7255	9.26400E+3
20.30	4.7421	9.26800E+3
20.40	4.7588	9.27400E+3
20.50	4.7754	9.28000E+3
20.60	4.7921	9.28600E+3
20.70	4.8087	9.29100E+3
20.80	4.8254	9.29800E+3
20.90	4.8421	9.30500E+3
21.00	4.8588	9.31100E+3
21.10	4.8755	9.31700E+3
21.20	4.8921	9.32100E+3
21.30	4.9087	9.32600E+3
21.40	4.9253	9.33000E+3
21.50	4.9420	9.33700E+3
21.60	4.9638	9.34300E+3
21.70	4.9752	9.34400E+3
21.80	4.9919	9.34800E+3
21.90	5.0085	9.35400E+3
22.00	5.0252	9.36100E+3
22.10	5.0418	9.36600E+3
22.20	5.0584	9.37200E+3
22.30	5.0751	9.37700E+3
22.40	5.0917	9.38300E+3
22.50	5.1084	9.38900E+3
22.60	5.1251	9.39100E+3
22.70	5.1417	9.39700E+3
22.80	5.1584	9.40500E+3
22.90	5.1751	9.40900E+3
23.00	5.1917	9.41300E+3
23.10	5.2085	9.41800E+3
23.20	5.2251	9.42200E+3
23.30	5.2418	9.42700E+3
23.40	5.2585	9.43100E+3
23.50	5.2751	9.43600E+3
23.60	5.2919	9.44200E+3
23.70	5.3085	9.44300E+3
23.80	5.3251	9.44700E+3
23.90	5.3417	9.45500E+3
24.00	5.3583	9.45800E+3
24.10	5.3748	9.46100E+3
24.20	5.3914	9.46700E+3
24.30	5.4080	9.47300E+3
24.40	5.4245	9.47600E+3
24.50	5.4411	9.47900E+3
24.60	5.4578	9.48300E+3
24.70	5.4744	9.48700E+3
24.80	5.4911	9.49200E+3
24.90	5.5077	9.49800E+3
25.00	5.5244	9.50400E+3
25.10	5.5411	9.50500E+3
25.20	5.5578	9.50800E+3
25.30	5.5745	9.51400E+3
25.40	5.5912	9.51800E+3
25.50	5.6079	9.52100E+3
25.60	5.6246	9.52400E+3
25.70	5.6412	9.52900E+3
25.80	5.6578	9.53200E+3
25.90	5.6743	9.53700E+3
26.00	5.6909	9.54100E+3
26.10	5.7075	9.54500E+3
26.20	5.7241	9.54800E+3
26.30	5.7408	9.55300E+3
26.40	5.7575	9.55700E+3
26.50	5.7741	9.56100E+3
26.60	5.7908	9.56400E+3
26.70	5.8074	9.57000E+3
26.80	5.8241	9.57500E+3
26.90	5.8408	9.57700E+3
27.00	5.8576	9.58200E+3
27.10	5.8742	9.58400E+3
27.20	5.8909	9.58800E+3
27.30	5.9075	9.59200E+3
27.40	5.9241	9.59400E+3
27.50	5.9407	9.59600E+3
27.60	5.9574	9.60100E+3
27.70	5.9740	9.60300E+3
27.80	5.9905	9.60700E+3
27.90	6.0071	9.61000E+3
28.00	6.0237	9.61400E+3
28.10	6.0402	9.61700E+3
28.20	6.0569	9.62200E+3
28.30	6.0736	9.62400E+3
28.40	6.0902	9.62600E+3
28.50	6.1069	9.63100E+3
28.60	6.1236	9.63300E+3
28.70	6.1402	9.63500E+3
28.80	6.1569	9.63900E+3
28.90	6.1736	9.64200E+3
29.00	6.1903	9.64600E+3
29.10	6.2070	9.65000E+3
29.20	6.2238	9.65300E+3
29.30	6.2405	9.65500E+3
29.40	6.2571	9.65700E+3
29.50	6.2738	9.66200E+3
29.60	6.2906	9.66400E+3
29.70	6.3072	9.66600E+3
29.80	6.3239	9.66900E+3
29.90	6.3406	9.67200E+3
30.00	6.3573	9.67700E+3
30.10	6.3740	9.67900E+3
30.20	6.3907	9.68100E+3
30.30	6.4073	9.68200E+3
30.40	6.4239	9.68500E+3
30.50	6.4405	9.68900E+3
30.60	6.4572	9.69200E+3
30.70	6.4738	9.69300E+3
30.80	6.4905	9.69700E+3
30.90	6.5073	9.70100E+3
31.00	6.5240	9.70200E+3
31.10	6.5407	9.70700E+3
31.20	6.5575	9.71000E+3
31.30	6.5741	9.71200E+3
31.40	6.5908	9.71300E+3
31.50	6.6076	9.71600E+3
31.60	6.6243	9.71800E+3
31.70	6.6409	9.72100E+3
31.80	6.6575	9.72400E+3
31.90	6.6741	9.72600E+3
32.00	6.6907	9.72800E+3
32.10	6.7073	9.73100E+3
32.20	6.7239	9.73200E+3
32.30	6.7406	9.73400E+3
32.40	6.7573	9.73800E+3
32.50	6.7740	9.74000E+3
32.60	6.7907	9.74200E+3
32.70	6.8073	9.74300E+3
32.80	6.8240	9.74800E+3
32.90	6.8408	9.74900E+3
33.00	6.8576	9.74900E+3
33.10	6.8744	9.75400E+3
33.20	6.8911	9.75600E+3
33.30	6.9077	9.75600E+3
33.40	6.9244	9.75700E+3
33.50	6.9410	9.75800E+3
33.60	6.9577	9.76000E+3
33.70	6.9744	9.76300E+3
33.80	6.9911	9.76400E+3
33.90	7.0078	9.76500E+3
34.00	7.0245	9.76800E+3
34.10	7.0411	9.77100E+3
34.20	7.0578	9.77200E+3
34.30	7.0746	9.77300E+3
34.40	7.0913	9.77500E+3
34.50	7.1080	9.77500E+3
34.60	7.1247	9.77700E+3
34.70	7.1413	9.77700E+3
34.80	7.1579	9.77800E+3
34.90	7.1745	9.78000E+3
35.00	7.1911	9.78100E+3
35.10	7.2078	9.78300E+3
35.20	7.2245	9.78600E+3
35.30	7.2411	9.78600E+3
35.40	7.2578	9.78600E+3
35.50	7.2744	9.78500E+3
35.60	7.2911	9.78300E+3
35.70	7.3077	9.78500E+3
35.80	7.3244	9.78300E+3
35.90	7.3411	9.78200E+3
36.00	7.3577	9.78000E+3
36.10	7.3744	9.77300E+3
36.20	7.3910	9.76000E+3
36.30	7.4076	9.74700E+3
36.40	7.4241	9.72700E+3
36.50	7.4413	1.79200E+3
