# Время	Инженерная деформация	Инженерное напряжение
0.0000	0.0000	6.0621
0.1000	0.0616	7.5904
0.2000	0.1282	9.8828
0.3000	0.2144	14.8242
0.4000	0.3030	22.1090
0.5000	0.3282	25.0637
0.6000	0.4146	36.3729
0.7000	0.5022	50.0255
0.8000	0.5900	64.8497
0.9000	0.5982	66.3271
1.0000	0.6624	76.8721
1.1000	0.7486	104.2792
1.2000	0.8360	119.3072
1.3000	0.8622	120.3770
1.4000	0.9288	134.7937
1.5000	0.9956	145.0841
1.6000	1.0626	153.1839
1.7000	1.1498	168.6704
1.8000	1.1960	176.3118
1.9000	1.2628	198.5227
2.0000	1.3292	214.5186
2.1000	1.4160	231.2277
2.2000	1.4620	235.0993
2.3000	1.5290	254.4065
2.4000	1.5958	269.8421
2.5000	1.6628	284.7173
2.6000	1.7504	294.2944
2.7000	1.7966	298.6246
2.8000	1.8632	309.3734
2.9000	1.9298	320.4789
3.0000	1.9966	329.7504
3.1000	2.0634	336.3729
3.2000	2.1300	340.1426
3.3000	2.1966	342.6388
3.4000	2.2634	344.6256
3.5000	2.3300	346.7652
3.6000	2.3966	348.7010
3.7000	2.4634	350.5858
3.8000	2.5304	352.4707
3.9000	2.5974	354.4065
4.0000	2.6848	356.8008
4.1000	2.7308	358.0234
4.2000	2.7978	359.8574
4.3000	2.8640	361.5385
4.4000	2.9306	363.2196
4.5000	2.9976	365.0025
4.6000	3.0650	366.7855
4.7000	3.1320	368.5176
4.8000	3.1988	370.3006
4.9000	3.2658	371.9817
5.0000	3.3324	373.5609
5.1000	3.3988	375.2420
5.2000	3.4652	376.8212
5.3000	3.5318	378.4513
5.4000	3.5988	379.8777
5.5000	3.6656	381.4060
5.6000	3.7328	382.9852
5.7000	3.7994	384.6663
5.8000	3.8658	386.2455
5.9000	3.9322	387.8248
6.0000	3.9988	389.2511
6.1000	4.0656	390.7794
6.2000	4.1546	392.8171
6.3000	4.1994	393.7341
6.4000	4.2662	395.1605
6.5000	4.3330	396.5869
6.6000	4.3996	398.0132
6.7000	4.4662	399.3377
6.8000	4.5332	400.7641
6.9000	4.6000	402.0886
7.0000	4.6666	403.5150
7.1000	4.7332	404.8395
7.2000	4.7998	406.1131
7.3000	4.8660	407.4376
7.4000	4.9322	408.7112
7.5000	4.9988	409.9338
7.6000	5.0660	411.2583
7.7000	5.1330	412.5318
7.8000	5.2000	413.6526
7.9000	5.2670	415.0280
8.0000	5.3336	416.2506
8.1000	5.4216	417.8808
8.2000	5.4486	418.5940
8.3000	5.4820	418.2883
8.4000	5.5154	417.8299
8.5000	5.5490	418.8487
8.6000	5.5826	420.4789
8.7000	5.6162	421.8543
8.8000	5.6498	422.8732
8.9000	5.6834	423.7901
9.0000	5.7170	424.6052
9.1000	5.7504	425.2165
9.2000	5.7836	425.9806
9.3000	5.8168	426.6938
9.4000	5.8498	427.3051
9.5000	5.8830	427.7127
9.6000	5.9162	428.2731
9.7000	5.9494	428.9353
9.8000	5.9826	429.4447
9.9000	6.0156	429.9542
10.0000	6.0490	430.5655
10.1000	6.0824	431.1258
10.2000	6.1158	431.6862
10.3000	6.1492	432.1447
10.4000	6.1826	432.6032
10.5000	6.2160	433.1635
10.6000	6.2496	433.8258
10.7000	6.2830	434.2843
10.8000	6.3162	434.7427
10.9000	6.3494	435.3540
11.0000	6.3936	435.9654
11.1000	6.4162	436.3220
11.2000	6.4496	436.8823
11.3000	6.4830	437.3408
11.4000	6.5164	437.7993
11.5000	6.5500	438.2578
11.6000	6.5836	438.8691
11.7000	6.6170	439.3276
11.8000	6.6506	439.7860
11.9000	6.6840	440.2445
12.0000	6.7174	440.7539
12.1000	6.7508	441.2634
12.2000	6.7840	441.7219
12.3000	6.8174	442.1294
12.4000	6.8506	442.6388
12.5000	6.8838	443.0973
12.6000	6.9172	443.6577
12.7000	6.9506	444.1161
12.8000	6.9840	444.4727
12.9000	7.0174	444.8803
13.0000	7.0508	445.3388
13.1000	7.0842	445.8482
13.2000	7.1178	446.3067
13.3000	7.1514	446.7142
13.4000	7.1848	447.2236
13.5000	7.2182	447.7331
13.6000	7.2516	448.0897
13.7000	7.2848	448.4463
13.8000	7.3180	448.9047
13.9000	7.3512	449.4142
14.0000	7.3842	449.7708
14.1000	7.4176	450.1274
14.2000	7.4508	450.4840
14.3000	7.4840	450.9424
14.4000	7.5174	451.4519
14.5000	7.5508	451.8594
14.6000	7.5844	452.2160
14.7000	7.6180	452.6745
14.8000	7.6514	453.0820
14.9000	7.6850	453.5405
15.0000	7.7184	453.7952
15.1000	7.7520	454.2028
15.2000	7.7852	454.6612
15.3000	7.8184	455.0688
15.4000	7.8516	455.5273
15.5000	7.8850	455.8329
15.6000	7.9184	456.1895
15.7000	7.9516	456.5970
15.8000	7.9850	457.0555
15.9000	8.0182	457.5140
16.0000	8.0514	457.8197
16.1000	8.0848	458.1253
16.2000	8.1180	458.4819
16.3000	8.1514	458.8385
16.4000	8.1848	459.1951
16.5000	8.2182	459.6026
16.6000	8.2514	460.0102
16.7000	8.2846	460.4177
16.8000	8.3178	460.7234
16.9000	8.3510	460.9781
17.0000	8.3844	461.3856
17.1000	8.4178	461.8951
17.2000	8.4512	462.2007
17.3000	8.4846	462.5064
17.4000	8.5180	462.9139
17.5000	8.5514	463.2705
17.6000	8.5850	463.6780
17.7000	8.6184	463.9837
17.8000	8.6518	464.3403
17.9000	8.6850	464.5950
18.0000	8.7182	464.9007
18.1000	8.7514	465.3082
18.2000	8.7846	465.6648
18.3000	8.8178	465.9705
18.4000	8.8510	466.1742
18.5000	8.8842	466.5308
18.6000	8.9176	466.8874
18.7000	8.9510	467.2440
18.8000	8.9844	467.5497
18.9000	9.0180	467.8553
19.0000	9.0516	468.2629
19.1000	9.0852	468.6704
19.2000	9.1186	468.9251
19.3000	9.1522	469.2308
19.4000	9.1856	469.5364
19.5000	9.2188	469.7402
19.6000	9.2522	470.0458
19.7000	9.2854	470.3515
19.8000	9.3184	470.6572
19.9000	9.3516	470.9119
20.0000	9.3846	471.1666
20.1000	9.4178	471.5741
20.2000	9.4510	471.9307
20.3000	9.4842	472.1345
20.4000	9.5176	472.4401
20.5000	9.5508	472.7458
20.6000	9.5842	473.0515
20.7000	9.6174	473.3062
20.8000	9.6508	473.6628
20.9000	9.6842	474.0194
21.0000	9.7176	474.3250
21.1000	9.7510	474.6307
21.2000	9.7842	474.8344
21.3000	9.8174	475.0891
21.4000	9.8506	475.2929
21.5000	9.8840	475.6495
21.6000	9.9276	475.9552
21.7000	9.9504	476.0061
21.8000	9.9838	476.2099
21.9000	10.0170	476.5155
22.0000	10.0504	476.8721
22.1000	10.0836	477.1268
22.2000	10.1168	477.4325
22.3000	10.1502	477.6872
22.4000	10.1834	477.9929
22.5000	10.2168	478.2985
22.6000	10.2502	478.4004
22.7000	10.2834	478.7061
22.8000	10.3168	479.1136
22.9000	10.3502	479.3174
23.0000	10.3834	479.5211
23.1000	10.4170	479.7759
23.2000	10.4502	479.9796
23.3000	10.4836	480.2343
23.4000	10.5170	480.4381
23.5000	10.5502	480.6928
23.6000	10.5838	480.9985
23.7000	10.6170	481.0494
23.8000	10.6502	481.2532
23.9000	10.6834	481.6607
24.0000	10.7166	481.8136
24.1000	10.7496	481.9664
24.2000	10.7828	482.2720
24.3000	10.8160	482.5777
24.4000	10.8490	482.7305
24.5000	10.8822	482.8833
24.6000	10.9156	483.0871
24.7000	10.9488	483.2909
24.8000	10.9822	483.5456
24.9000	11.0154	483.8512
25.0000	11.0488	484.1569
25.1000	11.0822	484.2078
25.2000	11.1156	484.3607
25.3000	11.1490	484.6663
25.4000	11.1824	484.8701
25.5000	11.2158	485.0229
25.6000	11.2492	485.1758
25.7000	11.2824	485.4305
25.8000	11.3156	485.5833
25.9000	11.3486	485.8380
26.0000	11.3818	486.0418
26.1000	11.4150	486.2455
26.2000	11.4482	486.3984
26.3000	11.4816	486.6531
26.4000	11.5150	486.8569
26.5000	11.5482	487.0606
26.6000	11.5816	487.2134
26.7000	11.6148	487.5191
26.8000	11.6482	487.7738
26.9000	11.6816	487.8757
27.0000	11.7152	488.1304
27.1000	11.7484	488.2323
27.2000	11.7818	488.4361
27.3000	11.8150	488.6398
27.4000	11.8482	488.7417
27.5000	11.8814	488.8436
27.6000	11.9148	489.0983
27.7000	11.9480	489.2002
27.8000	11.9810	489.4040
27.9000	12.0142	489.5568
28.0000	12.0474	489.7606
28.1000	12.0804	489.9134
28.2000	12.1138	490.1681
28.3000	12.1472	490.2700
28.4000	12.1804	490.3719
28.5000	12.2138	490.6266
28.6000	12.2472	490.7285
28.7000	12.2804	490.8304
28.8000	12.3138	491.0341
28.9000	12.3472	491.1870
29.0000	12.3806	491.3907
29.1000	12.4140	491.5945
29.2000	12.4476	491.7473
29.3000	12.4810	491.8492
29.4000	12.5142	491.9511
29.5000	12.5476	492.2058
29.6000	12.5812	492.3077
29.7000	12.6144	492.4096
29.8000	12.6478	492.5624
29.9000	12.6812	492.7152
30.0000	12.7146	492.9699
30.1000	12.7480	493.0718
30.2000	12.7814	493.1737
30.3000	12.8146	493.2247
30.4000	12.8478	493.3775
30.5000	12.8810	493.5813
30.6000	12.9144	493.7341
30.7000	12.9476	493.7850
30.8000	12.9810	493.9888
30.9000	13.0146	494.1926
31.0000	13.0480	494.2435
31.1000	13.0814	494.4982
31.2000	13.1150	494.6510
31.3000	13.1482	494.7529
31.4000	13.1816	494.8039
31.5000	13.2152	494.9567
31.6000	13.2486	495.0586
31.7000	13.2818	495.2114
31.8000	13.3150	495.3642
31.9000	13.3482	495.4661
32.0000	13.3814	495.5680
32.1000	13.4146	495.7208
32.2000	13.4478	495.7718
32.3000	13.4812	495.8737
32.4000	13.5146	496.0774
32.5000	13.5480	496.1793
32.6000	13.5814	496.2812
32.7000	13.6146	496.3321
32.8000	13.6480	496.5869
32.9000	13.6816	496.6378
33.0000	13.7152	496.6378
33.1000	13.7488	496.8925
33.2000	13.7822	496.9944
33.3000	13.8154	496.9944
33.4000	13.8488	497.0453
33.5000	13.8820	497.0963
33.6000	13.9154	497.1982
33.7000	13.9488	497.3510
33.8000	13.9822	497.4019
33.9000	14.0156	497.4529
34.0000	14.0490	497.6057
34.1000	14.0822	497.7585
34.2000	14.1156	497.8095
34.3000	14.1492	497.8604
34.4000	14.1826	497.9623
34.5000	14.2160	497.9623
34.6000	14.2494	498.0642
34.7000	14.2826	498.0642
34.8000	14.3158	498.1151
34.9000	14.3490	498.2170
35.0000	14.3822	498.2680
35.1000	14.4156	498.3698
35.2000	14.4490	498.5227
35.3000	14.4822	498.5227
35.4000	14.5156	498.5227
35.5000	14.5488	498.4717
35.6000	14.5822	498.3698
35.7000	14.6154	498.4717
35.8000	14.6488	498.3698
35.9000	14.6822	498.3189
36.0000	14.7154	498.2170
36.1000	14.7488	497.8604
36.2000	14.7820	497.1982
36.3000	14.8152	496.5359
36.4000	14.8482	495.5171
36.5000	14.8826	91.2888
