# Время	Инженерная деформация	Инженерное напряжение
0.0000	0.0000	6.0621
0.1000	0.0006	7.5951
0.2000	0.0013	9.8955
0.3000	0.0021	14.8560
0.4000	0.0030	22.1760
0.5000	0.0033	25.1460
0.6000	0.0041	36.5237
0.7000	0.0050	50.2767
0.8000	0.0059	65.2323
0.9000	0.0060	66.7239
1.0000	0.0066	77.3813
1.1000	0.0075	105.0598
1.2000	0.0083	120.3046
1.3000	0.0086	121.4149
1.4000	0.0092	136.0457
1.5000	0.0099	146.5286
1.6000	0.0106	154.8116
1.7000	0.0114	170.6098
1.8000	0.0119	178.4205
1.9000	0.0125	201.0296
2.0000	0.0132	217.3700
2.1000	0.0141	234.5019
2.2000	0.0145	238.5365
2.3000	0.0152	258.2964
2.4000	0.0158	274.1482
2.5000	0.0165	289.4516
2.6000	0.0174	299.4457
2.7000	0.0178	303.9897
2.8000	0.0185	315.1376
2.9000	0.0191	326.6635
3.0000	0.0198	336.3342
3.1000	0.0204	343.3136
3.2000	0.0211	347.3876
3.3000	0.0217	350.1652
3.4000	0.0224	352.4259
3.5000	0.0230	354.8448
3.6000	0.0237	357.0580
3.7000	0.0243	359.2221
3.8000	0.0250	361.3896
3.9000	0.0256	363.6119
4.0000	0.0265	366.3802
4.1000	0.0269	367.8003
4.2000	0.0276	369.9255
4.3000	0.0282	371.8930
4.4000	0.0289	373.8641
4.5000	0.0295	375.9438
4.6000	0.0302	378.0275
4.7000	0.0308	380.0596
4.8000	0.0315	382.1458
4.9000	0.0321	384.1299
5.0000	0.0328	386.0094
5.1000	0.0334	387.9957
5.2000	0.0341	389.8788
5.3000	0.0347	391.8174
5.4000	0.0354	393.5487
5.5000	0.0360	395.3868
5.6000	0.0366	397.2813
5.7000	0.0373	399.2813
5.8000	0.0379	401.1770
5.9000	0.0386	403.0748
6.0000	0.0392	404.8165
6.1000	0.0399	406.6669
6.2000	0.0407	409.1371
6.3000	0.0411	410.2686
6.4000	0.0418	412.0188
6.5000	0.0424	413.7710
6.6000	0.0431	415.5242
6.7000	0.0437	417.1729
6.8000	0.0443	418.9315
6.9000	0.0450	420.5847
7.0000	0.0456	422.3454
7.1000	0.0462	424.0014
7.2000	0.0469	425.6057
7.3000	0.0475	427.2635
7.4000	0.0481	428.8697
7.5000	0.0488	430.4256
7.6000	0.0494	432.0926
7.7000	0.0501	433.7071
7.8000	0.0507	435.1625
7.9000	0.0513	436.8875
8.0000	0.0520	438.4517
8.1000	0.0528	440.5366
8.2000	0.0531	441.4015
8.3000	0.0534	441.2189
8.4000	0.0537	440.8749
8.5000	0.0540	442.0906
8.6000	0.0543	443.9526
8.7000	0.0546	445.5465
8.8000	0.0550	446.7647
8.9000	0.0553	447.8758
9.0000	0.0556	448.8799
9.1000	0.0559	449.6681
9.2000	0.0562	450.6176
9.3000	0.0565	451.5137
9.4000	0.0569	452.3016
9.5000	0.0572	452.8750
9.6000	0.0575	453.6106
9.7000	0.0578	454.4544
9.8000	0.0581	455.1367
9.9000	0.0584	455.8185
10.0000	0.0587	456.6104
10.1000	0.0590	457.3486
10.2000	0.0594	458.0873
10.3000	0.0597	458.7181
10.4000	0.0600	459.3493
10.5000	0.0603	460.0889
10.6000	0.0606	460.9382
10.7000	0.0609	461.5704
10.8000	0.0612	462.2019
10.9000	0.0616	462.9964
11.0000	0.0620	463.8393
11.1000	0.0622	464.3173
11.2000	0.0625	465.0595
11.3000	0.0628	465.6936
11.4000	0.0631	466.3281
11.5000	0.0634	466.9637
11.6000	0.0638	467.7625
11.7000	0.0641	468.3979
11.8000	0.0644	469.0344
11.9000	0.0647	469.6704
12.0000	0.0650	470.3611
12.1000	0.0653	471.0522
12.2000	0.0656	471.6883
12.3000	0.0660	472.2711
12.4000	0.0663	472.9622
12.5000	0.0666	473.5992
12.6000	0.0669	474.3464
12.7000	0.0672	474.9848
12.8000	0.0675	475.5147
12.9000	0.0678	476.0993
13.0000	0.0681	476.7387
13.1000	0.0684	477.4330
13.2000	0.0688	478.0739
13.3000	0.0691	478.6605
13.4000	0.0694	479.3557
13.5000	0.0697	480.0514
13.6000	0.0700	480.5834
13.7000	0.0703	481.1147
13.8000	0.0706	481.7555
13.9000	0.0709	482.4515
14.0000	0.0712	482.9828
14.1000	0.0716	483.5161
14.2000	0.0719	484.0487
14.3000	0.0722	484.6909
14.4000	0.0725	485.3893
14.5000	0.0728	485.9784
14.6000	0.0731	486.5139
14.7000	0.0734	487.1592
14.8000	0.0737	487.7491
14.9000	0.0740	488.3951
15.0000	0.0744	488.8209
15.1000	0.0747	489.4126
15.2000	0.0750	490.0575
15.3000	0.0753	490.6479
15.4000	0.0756	491.2935
15.5000	0.0759	491.7753
15.6000	0.0762	492.3124
15.7000	0.0765	492.9038
15.8000	0.0768	493.5514
15.9000	0.0771	494.1984
16.0000	0.0774	494.6806
16.1000	0.0777	495.1638
16.2000	0.0781	495.7015
16.3000	0.0784	496.2403
16.4000	0.0787	496.7793
16.5000	0.0790	497.3737
16.6000	0.0793	497.9675
16.7000	0.0796	498.5615
16.8000	0.0799	499.0455
16.9000	0.0802	499.4744
17.0000	0.0805	500.0700
17.1000	0.0808	500.7765
17.2000	0.0811	501.2622
17.3000	0.0814	501.7482
17.4000	0.0817	502.3449
17.5000	0.0821	502.8866
17.6000	0.0824	503.4848
17.7000	0.0827	503.9717
17.8000	0.0830	504.5141
17.9000	0.0833	504.9451
18.0000	0.0836	505.4317
18.1000	0.0839	506.0292
18.2000	0.0842	506.5716
18.3000	0.0845	507.0588
18.4000	0.0848	507.4353
18.5000	0.0851	507.9783
18.6000	0.0854	508.5226
18.7000	0.0857	509.0670
18.8000	0.0860	509.5562
18.9000	0.0863	510.0465
19.0000	0.0867	510.6482
19.1000	0.0870	511.2500
19.2000	0.0873	511.6845
19.3000	0.0876	512.1757
19.4000	0.0879	512.6661
19.5000	0.0882	513.0446
19.6000	0.0885	513.5354
19.7000	0.0888	514.0255
19.8000	0.0891	514.5149
19.9000	0.0894	514.9497
20.0000	0.0897	515.3837
20.1000	0.0900	515.9860
20.2000	0.0903	516.5329
20.3000	0.0906	516.9127
20.4000	0.0909	517.4051
20.5000	0.0912	517.8968
20.6000	0.0915	518.3897
20.7000	0.0918	518.8260
20.8000	0.0921	519.3750
20.9000	0.0924	519.9244
21.0000	0.0927	520.4180
21.1000	0.0930	520.9119
21.2000	0.0933	521.2931
21.3000	0.0936	521.7305
21.4000	0.0940	522.1121
21.5000	0.0943	522.6627
21.6000	0.0947	523.2061
21.7000	0.0949	523.3706
21.8000	0.0952	523.7537
21.9000	0.0955	524.2481
22.0000	0.0958	524.7997
22.1000	0.0961	525.2384
22.2000	0.0964	525.7334
22.3000	0.0967	526.1734
22.4000	0.0970	526.6688
22.5000	0.0973	527.1653
22.6000	0.0976	527.4374
22.7000	0.0979	527.9334
22.8000	0.0982	528.5428
22.9000	0.0985	528.9277
23.0000	0.0988	529.3117
23.1000	0.0991	529.7542
23.2000	0.0994	530.1384
23.3000	0.0997	530.5801
23.4000	0.1000	530.9658
23.5000	0.1003	531.4069
23.6000	0.1006	531.9064
23.7000	0.1009	532.1224
23.8000	0.1012	532.5076
23.9000	0.1015	533.1184
24.0000	0.1018	533.4476
24.1000	0.1021	533.7759
24.2000	0.1024	534.2744
24.3000	0.1027	534.7733
24.4000	0.1030	535.1019
24.5000	0.1033	535.4316
24.6000	0.1036	535.8190
24.7000	0.1039	536.2055
24.8000	0.1042	536.6495
24.9000	0.1045	537.1493
25.0000	0.1048	537.6504
25.1000	0.1051	537.8687
25.2000	0.1054	538.2003
25.3000	0.1057	538.7017
25.4000	0.1060	539.0902
25.5000	0.1063	539.4221
25.6000	0.1066	539.7542
25.7000	0.1069	540.1987
25.8000	0.1072	540.5300
25.9000	0.1075	540.9738
26.0000	0.1078	541.3621
26.1000	0.1081	541.7504
26.2000	0.1084	542.0823
26.3000	0.1087	542.5287
26.4000	0.1090	542.9185
26.5000	0.1093	543.3073
26.6000	0.1096	543.6405
26.7000	0.1099	544.1435
26.8000	0.1102	544.5907
26.9000	0.1105	544.8674
27.0000	0.1108	545.3159
27.1000	0.1111	545.5918
27.2000	0.1114	545.9827
27.3000	0.1117	546.3726
27.4000	0.1120	546.6488
27.5000	0.1123	546.9251
27.6000	0.1126	547.3734
27.7000	0.1129	547.6498
27.8000	0.1132	548.0395
27.9000	0.1135	548.3731
28.0000	0.1138	548.7640
28.1000	0.1140	549.0969
28.2000	0.1143	549.5461
28.3000	0.1146	549.8241
28.4000	0.1149	550.1012
28.5000	0.1152	550.5508
28.6000	0.1155	550.8290
28.7000	0.1158	551.1063
28.8000	0.1161	551.4991
28.9000	0.1164	551.8348
29.0000	0.1167	552.2278
29.1000	0.1170	552.6210
29.2000	0.1173	552.9580
29.3000	0.1176	553.2369
29.4000	0.1179	553.5148
29.5000	0.1182	553.9658
29.6000	0.1185	554.2459
29.7000	0.1188	554.5241
29.8000	0.1191	554.8607
29.9000	0.1194	555.1974
30.0000	0.1197	555.6491
30.1000	0.1200	555.9286
30.2000	0.1203	556.2082
30.3000	0.1206	556.4295
30.4000	0.1209	556.7657
30.5000	0.1212	557.1595
30.6000	0.1215	557.4969
30.7000	0.1218	557.7183
30.8000	0.1220	558.1135
30.9000	0.1223	558.5098
31.0000	0.1226	558.7324
31.1000	0.1229	559.1855
31.2000	0.1232	559.5245
31.3000	0.1235	559.8040
31.4000	0.1238	560.0270
31.5000	0.1241	560.3662
31.6000	0.1244	560.6469
31.7000	0.1247	560.9844
31.8000	0.1250	561.3219
31.9000	0.1253	561.6019
32.0000	0.1256	561.8819
32.1000	0.1259	562.2198
32.2000	0.1262	562.4422
32.3000	0.1265	562.7234
32.4000	0.1268	563.1203
32.5000	0.1271	563.4017
32.6000	0.1273	563.6831
32.7000	0.1276	563.9057
32.8000	0.1279	564.3611
32.9000	0.1282	564.5858
33.0000	0.1285	564.7527
33.1000	0.1288	565.2093
33.2000	0.1291	565.4912
33.3000	0.1294	565.6562
33.4000	0.1297	565.8801
33.5000	0.1300	566.1032
33.6000	0.1303	566.3853
33.7000	0.1306	566.7255
33.8000	0.1309	566.9496
33.9000	0.1312	567.1739
34.0000	0.1315	567.5143
34.1000	0.1317	567.8538
34.2000	0.1320	568.0783
34.3000	0.1323	568.3037
34.4000	0.1326	568.5863
34.5000	0.1329	568.7526
34.6000	0.1332	569.0354
34.7000	0.1335	569.2007
34.8000	0.1338	569.4243
34.9000	0.1341	569.7062
35.0000	0.1344	569.9299
35.1000	0.1347	570.2128
35.2000	0.1350	570.5542
35.3000	0.1352	570.7198
35.4000	0.1355	570.8863
35.5000	0.1358	570.9934
35.6000	0.1361	571.0431
35.7000	0.1364	571.3253
35.8000	0.1367	571.3750
35.9000	0.1370	571.4831
36.0000	0.1373	571.5316
36.1000	0.1376	571.2888
36.2000	0.1379	570.6940
36.3000	0.1382	570.0987
36.4000	0.1384	569.0925
36.5000	0.1387	104.8749
