0	0	103.00
0.1	0.0235	247.00
0.2	0.0828	675.00
0.3	0.1759	3463.00
0.4	0.2157	5342.00
0.5	0.2355	6560.00
0.6	0.2925	10506.00
0.7	0.3124	11979.00
0.8	0.3324	13607.00
0.9	0.353	15362.00
1	0.4128	20457.00
1.1	0.4329	22235.00
1.2	0.453	23855.00
1.3	0.4732	25467.00
1.4	0.4935	26858.00
1.5	0.5145	28126.00
1.6	0.5348	29128.00
1.7	0.5552	29842.00
1.8	0.5756	30325.00
1.9	0.5959	30800.00
2	0.6568	31552.00
2.1	0.6778	31819.00
2.2	0.6981	32061.00
2.3	0.7186	32278.00
2.4	0.7391	32496.00
2.5	0.7597	32693.00
2.6	0.7802	32895.00
2.7	0.8007	33084.00
2.8	0.8213	33278.00
2.9	0.842	33457.00
3	0.8629	33646.00
3.1	0.8834	33830.00
3.2	0.9038	34012.00
3.3	0.9243	34185.00
3.4	0.9651	34530.00
3.5	0.9859	34714.00
3.6	1.0066	34894.00
3.7	1.0279	35069.00
3.8	1.0487	35242.00
3.9	1.0694	35408.00
4	1.0902	35583.00
4.1	1.1108	35756.00
4.2	1.1315	35930.00
4.3	1.1521	36095.00
4.4	1.1728	36267.00
4.5	1.1943	36437.00
4.6	1.2149	36607.00
4.7	1.2356	36776.00
4.8	1.2564	36938.00
4.9	1.2771	37091.00
5	1.2978	37256.00
5.1	1.3185	37422.00
5.2	1.3393	37577.00
5.3	1.3605	37753.00
5.4	1.3811	37904.00
5.5	1.4017	38063.00
5.6	1.4223	38227.00
5.7	1.463	38537.00
5.8	1.4837	38696.00
5.9	1.5045	38852.00
6	1.5258	39025.00
6.1	1.5465	39173.00
6.2	1.5672	39329.00
6.3	1.5906	39504.00
6.4	1.6113	39663.00
6.5	1.6318	39819.00
6.6	1.6525	39966.00
6.7	1.6731	40127.00
6.8	1.6944	40283.00
6.9	1.715	40438.00
7	1.7358	40590.00
7.1	1.7565	40744.00
7.2	1.7773	40890.00
7.3	1.7979	41045.00
7.4	1.8187	41199.00
7.5	1.8394	41344.00
7.6	1.8607	41503.00
7.7	1.8813	41650.00
7.8	1.9019	41789.00
7.9	1.9225	41941.00
8	1.9432	42087.00
8.1	1.9639	42228.00
8.2	1.9846	42374.00
8.3	2.0053	42523.00
8.4	2.0266	42670.00
8.5	2.0473	42816.00
8.6	2.0679	42969.00
8.7	2.0886	43108.00
8.8	2.1093	43254.00
8.9	2.1298	43402.00
9	2.1504	43541.00
9.1	2.1711	43690.00
9.2	2.1924	43847.00
9.3	2.2131	43984.00
9.4	2.2338	44124.00
9.5	2.2747	44405.00
9.6	2.2954	44549.00
9.7	2.3161	44684.00
9.8	2.3369	44829.00
9.9	2.3582	44971.00
10	2.3788	45112.00
10.1	2.3995	45250.00
10.2	2.4201	45391.00
10.3	2.4408	45527.00
10.4	2.4615	45667.00
10.5	2.4823	45809.00
10.6	2.5031	45950.00
10.7	2.5246	46089.00
10.8	2.5454	46231.00
10.9	2.5661	46363.00
11	2.5868	46502.00
11.1	2.6075	46645.00
11.2	2.6282	46786.00
11.3	2.6489	46921.00
11.4	2.6694	47061.00
11.5	2.6907	47197.00
11.6	2.7113	47337.00
11.7	2.7321	47474.00
11.8	2.7528	47613.00
11.9	2.7734	47747.00
12	2.7941	47884.00
12.1	2.8148	48020.00
12.2	2.8356	48154.00
12.3	2.8569	48302.00
12.4	2.8776	48431.00
12.5	2.8981	48568.00
12.6	2.9188	48706.00
12.7	2.9394	48843.00
12.8	2.9601	48970.00
12.9	2.9808	49107.00
13	3.0016	49250.00
13.1	3.0229	49400.00
13.2	3.0436	49547.00
13.3	3.0643	49683.00
13.4	3.085	49827.00
13.5	3.1057	49965.00
13.6	3.1262	50104.00
13.7	3.1469	50244.00
13.8	3.1676	50392.00
13.9	3.1891	50545.00
14	3.2099	50681.00
14.1	3.2306	50824.00
14.2	3.2513	50962.00
14.3	3.2719	51098.00
14.4	3.2926	51239.00
14.5	3.3133	51378.00
14.6	3.3339	51518.00
14.7	3.3552	51655.00
14.8	3.3757	51792.00
14.9	3.3963	51920.00
15	3.417	52060.00
15.1	3.4376	52201.00
15.2	3.4583	52343.00
15.3	3.4995	52624.00
15.4	3.5208	52767.00
15.5	3.5415	52909.00
15.6	3.5622	53042.00
15.7	3.5829	53187.00
15.8	3.6037	53330.00
15.9	3.6244	53473.00
16	3.645	53613.00
16.1	3.6657	53761.00
16.2	3.687	53911.00
16.3	3.7077	54061.00
16.4	3.7284	54207.00
16.5	3.7491	54344.00
16.6	3.7698	54490.00
16.7	3.7904	54635.00
16.8	3.8111	54783.00
16.9	3.8318	54924.00
17	3.8531	55079.00
17.1	3.8738	55215.00
17.2	3.8944	55357.00
17.3	3.915	55503.00
17.4	3.9357	55651.00
17.5	3.9563	55792.00
17.6	3.977	55939.00
17.7	3.9977	56088.00
17.8	4.019	56237.00
17.9	4.0396	56382.00
18	4.0603	56529.00
18.1	4.0809	56669.00
18.2	4.1016	56822.00
18.3	4.1221	56970.00
18.4	4.1428	57113.00
18.5	4.1635	57265.00
18.6	4.1848	57421.00
18.7	4.2055	57576.00
18.8	4.2262	57729.00
18.9	4.2469	57885.00
19	4.2676	58031.00
19.1	4.2883	58179.00
19.2	4.3089	58332.00
19.3	4.3296	58479.00
19.4	4.3509	58650.00
19.5	4.3714	58805.00
19.6	4.392	58947.00
19.7	4.4127	59100.00
19.8	4.4333	59256.00
19.9	4.4539	59406.00
20	4.4746	59560.00
20.1	4.4954	59715.00
20.2	4.5168	59872.00
20.3	4.5374	60026.00
20.4	4.5581	60180.00
20.5	4.5787	60326.00
20.6	4.624	60678.00
20.7	4.6446	60830.00
20.8	4.6652	60990.00
20.9	4.6865	61152.00
21	4.7071	61313.00
21.1	4.7278	61473.00
21.2	4.7485	61638.00
21.3	4.7692	61793.00
21.4	4.7898	61956.00
21.5	4.8105	62196.00
21.6	4.8313	62291.00
21.7	4.8526	62469.00
21.8	4.8733	62637.00
21.9	4.8939	62797.00
22	4.9146	62959.00
22.1	4.9352	63123.00
22.2	4.9559	63281.00
22.3	4.9766	63444.00
22.4	4.9973	63609.00
22.5	5.0186	63774.00
22.6	5.0393	63942.00
22.7	5.0599	64113.00
22.8	5.0805	64278.00
22.9	5.1013	64455.00
23	5.1218	64626.00
23.1	5.1423	64798.00
23.2	5.1629	64965.00
23.3	5.1842	65153.00
23.4	5.2048	65320.00
23.5	5.2255	65494.00
23.6	5.2461	65669.00
23.7	5.2668	65848.00
23.8	5.2875	66019.00
23.9	5.3083	66202.00
24	5.3291	66386.00
24.1	5.3504	66651.00
24.2	5.371	66765.00
24.3	5.3916	66942.00
24.4	5.4403	67361.00
24.5	5.461	67541.00
24.6	5.4818	67726.00
24.7	5.5027	67905.00
24.8	5.5242	68106.00
24.9	5.5449	68281.00
25	5.5656	68467.00
25.1	5.5863	68651.00
25.2	5.6069	68836.00
25.3	5.6275	69016.00
25.4	5.6481	69203.00
25.5	5.6687	69392.00
25.6	5.6899	69580.00
25.7	5.7105	69771.00
25.8	5.7312	69966.00
25.9	5.7519	70148.00
26	5.7725	70342.00
26.1	5.7931	70540.00
26.2	5.8138	70738.00
26.3	5.8346	70928.00
26.4	5.8559	71141.00
26.5	5.8765	71341.00
26.6	5.8971	71715.00
26.7	5.9173	71778.00
26.8	5.938	71945.00
26.9	5.9587	72152.00
27	5.9795	72359.00
27.1	6.0002	72566.00
27.2	6.0215	72775.00
27.3	6.0423	72979.00
27.4	6.063	73183.00
27.5	6.0838	73381.00
27.6	6.1045	73590.00
27.7	6.125	73798.00
27.8	6.1457	73997.00
27.9	6.1664	74211.00
28	6.1877	74435.00
28.1	6.2084	74639.00
28.2	6.2291	74853.00
28.3	6.2498	75061.00
28.4	6.2704	75267.00
28.5	6.2911	75467.00
28.6	6.3118	75688.00
28.7	6.3326	75918.00
28.8	6.3539	76149.00
28.9	6.3747	76376.00
29	6.3953	76601.00
29.1	6.4159	76812.00
29.2	6.4362	77074.00
29.3	6.4568	77239.00
29.4	6.4774	77462.00
29.5	6.4982	77695.00
29.6	6.5195	77929.00
29.7	6.5403	78156.00
29.8	6.561	78381.00
29.9	6.5818	78609.00
30	6.6024	78828.00
30.1	6.623	79067.00
30.2	6.6436	79314.00
30.3	6.6643	79554.00
30.4	6.6855	79790.00
30.5	6.7062	80036.00
30.6	6.7269	80270.00
30.7	6.7477	80511.00
30.8	6.7684	80756.00
30.9	6.789	81002.00
31	6.8098	81231.00
31.1	6.8305	81474.00
31.2	6.8518	81734.00
31.3	6.8724	81969.00
31.4	6.8929	82220.00
31.5	6.9135	82478.00
31.6	6.9341	82723.00
31.7	6.9547	83201.00
31.8	6.975	83274.00
31.9	6.9957	83488.00
32	7.017	83760.00
32.1	7.0377	84004.00
32.2	7.0584	84266.00
32.3	7.0792	84534.00
32.4	7.0999	84803.00
32.5	7.1204	85059.00
32.6	7.1411	85340.00
32.7	7.1618	85621.00
32.8	7.1833	85978.00
32.9	7.2041	86191.00
33	7.2249	86470.00
33.1	7.2456	86749.00
33.2	7.2664	87012.00
33.3	7.2871	87295.00
33.4	7.3078	87578.00
33.5	7.3287	87847.00
33.6	7.35	88149.00
33.7	7.3707	88433.00
33.8	7.3914	88702.00
33.9	7.4121	88990.00
34	7.4328	89278.00
34.1	7.4534	89563.00
34.2	7.4741	89835.00
34.3	7.4948	90126.00
34.4	7.5158	90554.00
34.5	7.5365	90964.00
34.6	7.5568	91042.00
34.7	7.5776	91293.00
34.8	7.5984	91587.00
34.9	7.6187	92108.00
35	7.6395	92208.00
35.1	7.6602	92580.00
35.2	7.6814	92792.00
35.3	7.702	93079.00
35.4	7.7227	93471.00
35.5	7.7434	93688.00
35.6	7.764	94255.00
35.7	7.7846	94507.00
35.8	7.8054	94778.00
35.9	7.8262	94937.00
36	7.8477	95249.00
36.1	7.8684	95669.00
36.2	7.889	95891.00
36.3	7.9097	96208.00
36.4	7.9303	96766.00
36.5	7.9511	97000.00
36.6	7.9718	97411.00
36.7	7.9926	97689.00
36.8	8.0139	98018.00
36.9	8.0342	98400.00
37	8.0545	98732.00
37.1	8.0749	99040.00
37.2	8.0956	99145.00
37.3	8.1163	99614.00
37.4	8.1366	99990.00
37.5	8.1574	100338.00
37.6	8.1788	100688.00
37.7	8.1995	101041.00
37.8	8.2202	101392.00
37.9	8.24	101641.00
38	8.2602	102064.00
38.1	8.2804	102368.00
38.2	8.3001	102663.00
38.3	8.3208	103061.00
38.4	8.3422	103412.00
38.5	8.3624	103763.00
38.6	8.3822	104104.00
38.7	8.4443	105113.00
38.8	8.465	105532.00
38.9	8.4858	105881.00
39	8.5064	106190.00
39.1	8.5273	106602.00
39.2	8.548	106932.00
39.3	8.5684	107357.00
39.4	8.5891	107724.00
39.5	8.6094	108055.00
39.6	8.6292	108384.00
39.7	8.6499	108764.00
39.8	8.6701	109120.00
39.9	8.6913	109542.00
40	8.7111	109869.00
40.1	8.7314	110286.00
40.2	8.7521	110630.00
40.3	8.7726	110990.00
40.4	8.7932	111370.00
40.5	8.8139	111756.00
40.6	8.8348	112142.00
40.7	8.8562	112591.00
40.8	8.8768	112989.00
40.9	8.8974	113385.00
41	8.918	113718.00
41.1	8.9386	114105.00
41.2	8.9593	114547.00
41.3	8.98	114902.00
41.4	9.0007	115278.00
41.5	9.0221	115756.00
41.6	9.0428	116096.00
41.7	9.0636	116575.00
41.8	9.0844	116928.00
41.9	9.1051	117348.00
42	9.1698	118672.00
42.1	9.1912	119102.00
42.2	9.2119	119534.00
42.3	9.2327	119967.00
42.4	9.2534	120402.00
42.5	9.274	120807.00
42.6	9.2947	121242.00
42.7	9.3155	121682.00
42.8	9.3363	122119.00
42.9	9.3576	122551.00
43	9.3782	122981.00
43.1	9.3988	123424.00
43.2	9.4195	123853.00
43.3	9.4402	124303.00
43.4	9.4608	124752.00
43.5	9.4816	125197.00
43.6	9.5024	125652.00
43.7	9.5238	126128.00
43.8	9.5445	126575.00
43.9	9.5652	127037.00
44	9.5858	127501.00
44.1	9.6064	127957.00
44.2	9.627	128402.00
44.3	9.6476	128904.00
44.4	9.6682	129376.00
44.5	9.6894	129856.00
44.6	9.7101	130353.00
44.7	9.7309	130857.00
44.8	9.7516	131328.00
44.9	9.7724	131831.00
45	9.7931	132343.00
45.1	9.8139	132845.00
45.2	9.8348	133325.00
45.3	9.8561	133848.00
45.4	9.8767	134321.00
45.5	9.8973	134838.00
45.6	9.9178	135353.00
45.7	9.9383	135864.00
45.8	9.9589	136345.00
45.9	9.9795	136851.00
46	10.0001	137359.00
46.1	10.0214	137882.00
46.2	10.042	138414.00
46.3	10.0628	138945.00
46.4	10.0835	139459.00
46.5	10.1041	139995.00
46.6	10.1247	140541.00
46.7	10.1453	141085.00
46.8	10.1658	141611.00
46.9	10.187	142215.00
47	10.2076	142787.00
47.1	10.2283	143327.00
47.2	10.2489	143904.00
47.3	10.2697	144463.00
47.4	10.2904	145023.00
47.5	10.3112	145567.00
47.6	10.3319	146142.00
47.7	10.3533	146722.00
47.8	10.3738	147313.00
47.9	10.3944	147910.00
48	10.415	148516.00
48.1	10.4355	149085.00
48.2	10.4561	149695.00
48.3	10.4768	150301.00
48.4	10.4976	150887.00
48.5	10.5189	151533.00
48.6	10.5396	152153.00
48.7	10.5602	152752.00
48.8	10.5808	153378.00
48.9	10.6014	153998.00
49	10.622	154588.00
49.1	10.6426	155236.00
49.2	10.6632	155884.00
49.3	10.6844	156540.00
49.4	10.705	157222.00
49.5	10.7257	157868.00
49.6	10.7465	158494.00
49.7	10.7672	159162.00
49.8	10.7879	159829.00
49.9	10.8086	160501.00
50	10.8294	161156.00
50.1	10.8507	161866.00
50.2	10.8713	162529.00
50.3	10.8918	163220.00
50.4	10.9124	163926.00
50.5	10.933	164614.00
50.6	10.9537	165292.00
50.7	10.9745	166014.00
50.8	10.9952	166738.00
50.9	11.0166	167466.00
51	11.0373	168184.00
51.1	11.058	168902.00
51.2	11.0789	169594.00
51.3	11.0996	170341.00
51.4	11.1203	171085.00
51.5	11.141	171807.00
51.6	11.1618	172577.00
51.7	11.1832	173356.00
51.8	11.2039	174128.00
51.9	11.2245	174937.00
52	11.2452	175725.00
52.1	11.2658	176469.00
52.2	11.2865	177256.00
52.3	11.3072	178047.00
52.4	11.3279	178846.00
52.5	11.3492	179651.00
52.6	11.3698	180467.00
52.7	11.3904	181251.00
52.8	11.4109	182077.00
52.9	11.4315	182928.00
53	11.4522	183775.00
53.1	11.4729	184583.00
53.2	11.4938	185438.00
53.3	11.5153	186304.00
53.4	11.5361	187160.00
53.5	11.5569	188057.00
53.6	11.5777	188950.00
53.7	11.5984	189795.00
53.8	11.6191	190681.00
53.9	11.6397	191587.00
54	11.6604	192449.00
54.1	11.6816	193420.00
54.2	11.7023	194297.00
54.3	11.7229	195232.00
54.4	11.7437	196166.00
54.5	11.7644	197104.00
54.6	11.7851	198000.00
54.7	11.8059	199014.00
54.8	11.8266	199975.00
